1 1774
2 5994
3 6899
4 2197
5 3070
6 1667
7 9479
8 5984
9 3445
10 8324
11 6240
12 5590
13 4142
14 4024
15 8252
16 4336
17 9728
18 6932
19 9821
20 8176
21 9682
22 6041
23 8502
24 6366
25 1088
26 4981
27 1202
28 9506
29 6338
30 3834
31 9761
32 1490
33 892
34 369
35 3348
36 4307
37 8302
38 3950
39 4776
40 1979
41 5679
42 7609
43 1900
44 7864
45 4991
46 3010
47 643
48 768
49 9860
50 6708
51 187
52 1276
53 8875
54 4863
55 3530
56 5578
57 7507
58 505
59 1018
60 8044
61 426
62 9965
63 9621
64 9614
65 8548
66 4797
67 4704
68 3768
69 660
70 3940
71 6008
72 5746
73 2232
74 7870
75 2495
76 2100
77 4230
78 611
79 1402
80 8081
81 4371
82 436
83 9626
84 9649
85 3640
86 8494
87 2633
88 5950
89 6782
90 7679
91 6717
92 7746
93 2907
94 6712
95 1532
96 5714
97 8015
98 2312
99 9369
100 213
101 8292
102 6833
103 127
104 5885
105 703
106 4381
107 9154
108 960
109 2477
110 1529
111 1398
112 6893
113 9143
114 2942
115 3641
116 9990
117 344
118 9966
119 5904
120 65
121 2260
122 8751
123 6921
124 2917
125 7150
126 8286
127 2846
128 5356
129 6310
130 6660
131 4020
132 2025
133 1248
134 1181
135 9788
136 7479
137 314
138 3679
139 8988
140 9299
141 9397
142 1684
143 3532
144 5256
145 6273
146 9818
147 8680
148 9968
149 3087
150 1545
151 5350
152 8055
153 6243
154 9319
155 7989
156 9531
157 9899
158 7162
159 8743
160 2471
161 1554
162 3675
163 4559
164 5694
165 7465
166 9433
167 5631
168 7887
169 3147
170 6086
171 9671
172 6596
173 1000
174 6620
175 672
176 568
177 5150
178 1688
179 6550
180 7310
181 9593
182 2881
183 2378
184 4836
185 1293
186 5910
187 5632
188 1995
189 3193
190 289
191 7574
192 3132
193 4919
194 6479
195 7710
196 5641
197 7025
198 7787
199 7775
200 6883
201 4143
202 763
203 6789
204 6906
205 1878
206 8770
207 6999
208 9631
209 8627
210 7419
211 4323
212 8263
213 600
214 1399
215 2839
216 8635
217 1369
218 9718
219 4415
220 1575
221 3714
222 3699
223 4682
224 2843
225 8546
226 6515
227 1729
228 4481
229 8961
230 4949
231 3469
232 7345
233 3835
234 9670
235 3208
236 8808
237 6016
238 5330
239 3000
240 2564
241 8937
242 5997
243 3322
244 5699
245 5920
246 9379
247 2565
248 3533
249 3646
250 9149
251 4309
252 7291
253 3381
254 6203
255 3187
256 437
257 5995
258 3968
259 8403
260 5234
261 7043
262 2577
263 709
264 3612
265 3958
266 6915
267 4393
268 911
269 8206
270 4050
271 2597
272 5944
273 6663
274 1945
275 2654
276 7650
277 395
278 9038
279 6864
280 9215
281 4027
282 8141
283 827
284 9806
285 683
286 6095
287 3980
288 7538
289 6450
290 2758
291 2767
292 2158
293 6941
294 7677
295 5393
296 6299
297 5287
298 9676
299 1818
300 9064
301 4920
302 1655
303 5307
304 9629
305 6491
306 8332
307 622
308 1513
309 3603
310 5427
311 49
312 7000
313 7037
314 9249
315 1263
316 8987
317 1763
318 884
319 2946
320 7764
321 2962
322 6797
323 4397
324 5385
325 1267
326 477
327 9036
328 9025
329 6376
330 6201
331 2406
332 713
333 7188
334 7853
335 4216
336 2442
337 2778
338 1193
339 3285
340 2411
341 5486
342 2518
343 3937
344 1002
345 2728
346 5688
347 4974
348 7732
349 6403
350 6454
351 4608
352 4441
353 6688
354 3973
355 6003
356 8129
357 7174
358 9906
359 8370
360 6005
361 9336
362 1676
363 5010
364 7341
365 3130
366 9337
367 9805
368 9230
369 4957
370 8879
371 6102
372 526
373 7550
374 597
375 2324
376 484
377 2883
378 3382
379 2729
380 5495
381 5402
382 1221
383 2556
384 9948
385 1654
386 7879
387 3977
388 3255
389 1867
390 6043
391 5144
392 2864
393 2832
394 7201
395 3025
396 3892
397 7399
398 6527
399 7867
400 3379
401 5861
402 5782
403 2765
404 7555
405 334
406 4118
407 6832
408 6082
409 1752
410 5506
411 5174
412 3801
413 7158
414 2807
415 599
416 8102
417 9158
418 5057
419 5715
420 5164
421 5300
422 6530
423 7330
424 8917
425 3651
426 3295
427 7634
428 353
429 7518
430 8381
431 3053
432 6265
433 5448
434 9341
435 9644
436 9634
437 8470
438 4895
439 9610
440 7460
441 1028
442 7798
443 1569
444 6210
445 877
446 1386
447 5649
448 34
449 6601
450 4903
451 4742
452 2370
453 822
454 2687
455 8036
456 9342
457 8472
458 3858
459 3920
460 6990
461 6378
462 6465
463 8594
464 3329
465 2534
466 8921
467 8320
468 7826
469 3179
470 949
471 9633
472 4179
473 5445
474 8272
475 4168
476 7477
477 4988
478 1068
479 8009
480 2344
481 7577
482 7612
483 3688
484 2630
485 3569
486 735
487 5449
488 2820
489 1278
490 316
491 1160
492 4567
493 988
494 2599
495 1031
496 4506
497 9275
498 8211
499 3756
500 2019
501 3073
502 7794
503 6825
504 5656
505 5248
506 603
507 6783
508 2587
509 8496
510 541
511 4300
512 7352
513 5803
514 1677
515 9438
516 8794
517 2805
518 5935
519 9736
520 1801
521 3384
522 5425
523 6528
524 2841
525 9777
526 4994
527 3192
528 2910
529 7182
530 9648
531 8289
532 6792
533 7274
534 6002
535 9238
536 9772
537 781
538 7995
539 7263
540 2986
541 3916
542 2936
543 4328
544 747
545 5974
546 3777
547 8750
548 9380
549 3165
550 2306
551 1766
552 3270
553 8466
554 2071
555 8579
556 7556
557 1249
558 4012
559 5858
560 274
561 7382
562 3895
563 5297
564 8860
565 2320
566 7436
567 74
568 9781
569 2470
570 9639
571 7986
572 4763
573 8666
574 6702
575 7806
576 456
577 1137
578 5775
579 6798
580 5955
581 6219
582 3814
583 9755
584 4931
585 7894
586 4956
587 8378
588 5247
589 7440
590 1649
591 8535
592 6745
593 2174
594 6995
595 5530
596 25
597 7554
598 5432
599 8493
600 8560
601 3703
602 8999
603 6900
604 3504
605 4249
606 6891
607 4569
608 1758
609 4158
610 8127
611 6379
612 5381
613 7143
614 9896
615 3992
616 3572
617 4125
618 381
619 913
620 7220
621 9141
622 4712
623 2377
624 818
625 1091
626 1213
627 2693
628 1666
629 1152
630 7783
631 2849
632 5617
633 7287
634 8298
635 2334
636 7282
637 6852
638 6175
639 720
640 983
641 401
642 6603
643 1118
644 9374
645 5114
646 3089
647 9612
648 2267
649 3036
650 2039
651 5848
652 7181
653 4544
654 1218
655 9470
656 9011
657 6578
658 6055
659 2452
660 3014
661 4252
662 2961
663 563
664 6287
665 5200
666 772
667 8116
668 8906
669 7586
670 6612
671 6662
672 7859
673 9652
674 9923
675 6822
676 2482
677 3590
678 2965
679 5606
680 8002
681 1646
682 463
683 8585
684 9212
685 1976
686 5602
687 1079
688 6044
689 8832
690 3306
691 691
692 761
693 3826
694 7648
695 6704
696 7406
697 6048
698 4748
699 4100
700 4372
701 4944
702 718
703 4565
704 6316
705 5228
706 7983
707 7522
708 4606
709 4361
710 6963
711 5291
712 3633
713 458
714 4383
715 1426
716 3767
717 4376
718 1373
719 4408
720 9607
721 9679
722 2060
723 75
724 4312
725 5928
726 5899
727 4061
728 2007
729 3182
730 9447
731 6274
732 8850
733 8883
734 1269
735 3022
736 889
737 5833
738 2253
739 3894
740 3923
741 8094
742 6385
743 1783
744 1851
745 7947
746 6987
747 305
748 9458
749 6217
750 2963
751 3037
752 4683
753 361
754 4480
755 4646
756 2975
757 657
758 287
759 412
760 9350
761 3946
762 5540
763 1480
764 4910
765 676
766 6453
767 4760
768 9229
769 1360
770 534
771 7882
772 2247
773 7448
774 494
775 1528
776 3246
777 269
778 8257
779 6280
780 8977
781 5589
782 4580
783 5643
784 211
785 6305
786 1637
787 8483
788 4369
789 6536
790 62
791 232
792 5538
793 1823
794 4536
795 9977
796 2535
797 4940
798 6749
799 1122
800 1473
801 2297
802 1098
803 8073
804 5719
805 5018
806 862
807 7210
808 9865
809 2979
810 1463
811 2721
812 2448
813 3939
814 1486
815 3677
816 9345
817 9911
818 1265
819 8572
820 9116
821 8013
822 419
823 2628
824 1308
825 297
826 2364
827 406
828 2908
829 521
830 9050
831 8270
832 3454
833 7084
834 4844
835 6651
836 4503
837 6501
838 9929
839 5090
840 5458
841 4348
842 8604
843 1388
844 5068
845 7290
846 7789
847 1683
848 306
849 860
850 644
851 2612
852 3694
853 8230
854 2125
855 3428
856 1856
857 8501
858 6716
859 5403
860 2753
861 451
862 4330
863 9375
864 3975
865 3210
866 9264
867 5240
868 9115
869 4739
870 9213
871 2793
872 9986
873 6061
874 3046
875 4677
876 9445
877 9082
878 7459
879 3982
880 2502
881 666
882 108
883 2123
884 9862
885 6350
886 4526
887 5202
888 5006
889 1437
890 4849
891 5982
892 9770
893 4449
894 2429
895 5016
896 20
897 9276
898 7380
899 1970
900 8100
901 2563
902 2602
903 5479
904 1727
905 7822
906 2619
907 7545
908 5118
909 7295
910 4026
911 2790
912 994
913 2781
914 2982
915 2145
916 352
917 2330
918 9495
919 7525
920 8648
921 3985
922 246
923 7598
924 9897
925 3155
926 2997
927 5465
928 3709
929 7973
930 4661
931 185
932 1657
933 5508
934 5842
935 9942
936 8084
937 4547
938 371
939 2073
940 3810
941 6924
942 91
943 7670
944 7383
945 2150
946 4965
947 6949
948 1484
949 310
950 4662
951 7712
952 9751
953 9841
954 3276
955 4108
956 2345
957 4905
958 5581
959 8544
960 4822
961 7047
962 3842
963 7148
964 2649
965 3837
966 1162
967 5388
968 6866
969 3047
970 4004
971 5742
972 1948
973 7438
974 3719
975 1725
976 3897
977 2561
978 224
979 7776
980 8146
981 5963
982 4052
983 3416
984 3278
985 6923
986 411
987 1808
988 2340
989 1810
990 7611
991 3149
992 8980
993 1870
994 7137
995 6678
996 3116
997 2897
998 5043
999 3544
1000 914
1001 9570
1002 110
1003 8427
1004 6246
1005 8963
1006 5805
1007 2351
1008 6053
1009 1629
1010 220
1011 9747
1012 4665
1013 7780
1014 400
1015 8848
1016 3033
1017 430
1018 3891
1019 5622
1020 3419
1021 9421
1022 3177
1023 5073
1024 5342
1025 851
1026 6802
1027 72
1028 301
1029 6968
1030 8576
1031 978
1032 7413
1033 6604
1034 6863
1035 8574
1036 5859
1037 5570
1038 7090
1039 4349
1040 1103
1041 8132
1042 5609
1043 689
1044 1583
1045 7868
1046 8436
1047 1110
1048 1445
1049 8342
1050 3661
1051 2699
1052 9057
1053 9442
1054 150
1055 1540
1056 6334
1057 4936
1058 3002
1059 5395
1060 2155
1061 5747
1062 2044
1063 9139
1064 3007
1065 9252
1066 2367
1067 8050
1068 925
1069 1865
1070 2926
1071 7392
1072 3301
1073 9546
1074 4525
1075 5252
1076 3720
1077 2512
1078 3553
1079 7473
1080 2464
1081 5672
1082 8624
1083 2014
1084 3327
1085 5845
1086 2022
1087 8008
1088 6476
1089 5318
1090 2231
1091 924
1092 2625
1093 1696
1094 2321
1095 5282
1096 6066
1097 6520
1098 7624
1099 2381
1100 5522
1101 373
1102 202
1103 9605
1104 5334
1105 6192
1106 9398
1107 9484
1108 4845
1109 4806
1110 7740
1111 3921
1112 1400
1113 5456
1114 3021
1115 6307
1116 7123
1117 28
1118 5729
1119 7103
1120 7206
1121 4297
1122 1567
1123 5502
1124 9655
1125 2069
1126 4789
1127 1680
1128 7236
1129 9240
1130 9216
1131 7154
1132 4780
1133 1239
1134 1975
1135 2110
1136 5466
1137 9071
1138 6531
1139 7035
1140 6460
1141 2539
1142 3151
1143 1724
1144 7553
1145 8248
1146 9537
1147 7067
1148 8628
1149 5846
1150 8180
1151 6047
1152 789
1153 543
1154 5035
1155 1281
1156 8844
1157 4598
1158 9943
1159 3370
1160 1455
1161 7681
1162 2250
1163 5615
1164 5607
1165 601
1166 9165
1167 158
1168 3554
1169 971
1170 858
1171 8142
1172 3438
1173 8691
1174 627
1175 4693
1176 1136
1177 9846
1178 7935
1179 1429
1180 2517
1181 7668
1182 3001
1183 1391
1184 1023
1185 3069
1186 6318
1187 4279
1188 6101
1189 641
1190 3222
1191 879
1192 9125
1193 3203
1194 5567
1195 8774
1196 312
1197 7455
1198 5985
1199 6947
1200 9168
1201 9403
1202 3505
1203 7608
1204 4982
1205 55
1206 2669
1207 2166
1208 9904
1209 339
1210 148
1211 9022
1212 6630
1213 8523
1214 897
1215 3710
1216 4667
1217 803
1218 4586
1219 2608
1220 4203
1221 4821
1222 3981
1223 2925
1224 7736
1225 9982
1226 9097
1227 261
1228 3065
1229 1886
1230 4417
1231 3630
1232 3820
1233 952
1234 2354
1235 3100
1236 4191
1237 5315
1238 6298
1239 979
1240 413
1241 4284
1242 4363
1243 5784
1244 513
1245 4231
1246 4198
1247 575
1248 2343
1249 1936
1250 4072
1251 9516
1252 2844
1253 3441
1254 2795
1255 4283
1256 5340
1257 593
1258 9877
1259 5001
1260 981
1261 2438
1262 9085
1263 8045
1264 5864
1265 6420
1266 5103
1267 5677
1268 6152
1269 7771
1270 9548
1271 9360
1272 4427
1273 3600
1274 2226
1275 9926
1276 473
1277 8158
1278 2465
1279 3516
1280 5744
1281 8489
1282 7950
1283 1176
1284 7751
1285 4892
1286 795
1287 370
1288 8171
1289 8001
1290 7647
1291 3577
1292 5435
1293 1318
1294 9997
1295 8004
1296 5191
1297 6259
1298 9924
1299 4044
1300 9118
1301 8491
1302 4340
1303 4462
1304 2393
1305 4668
1306 5022
1307 9256
1308 1280
1309 2854
1310 3786
1311 7211
1312 8167
1313 6282
1314 9289
1315 2547
1316 4409
1317 7821
1318 262
1319 969
1320 5635
1321 4747
1322 7511
1323 8214
1324 121
1325 5892
1326 3850
1327 3121
1328 3604
1329 4137
1330 4635
1331 4146
1332 8233
1333 8401
1334 4445
1335 7250
1336 4131
1337 3474
1338 8839
1339 3075
1340 9852
1341 1610
1342 9133
1343 5244
1344 4210
1345 444
1346 5383
1347 9185
1348 2121
1349 7453
1350 3570
1351 7362
1352 6011
1353 8979
1354 8369
1355 4295
1356 936
1357 6080
1358 4362
1359 6341
1360 855
1361 1993
1362 5539
1363 7105
1364 8191
1365 9645
1366 9075
1367 9754
1368 1924
1369 2012
1370 8380
1371 928
1372 9070
1373 7153
1374 1109
1375 4102
1376 5660
1377 2303
1378 3994
1379 9659
1380 497
1381 4663
1382 1045
1383 6088
1384 566
1385 7242
1386 8107
1387 9305
1388 54
1389 174
1390 6295
1391 7984
1392 9170
1393 2460
1394 2281
1395 7885
1396 5936
1397 1994
1398 7082
1399 4545
1400 1424
1401 5636
1402 7222
1403 96
1404 9155
1405 2677
1406 8383
1407 8892
1408 7782
1409 4251
1410 8599
1411 8690
1412 2207
1413 4654
1414 5875
1415 6084
1416 893
1417 9461
1418 6541
1419 901
1420 1577
1421 9737
1422 9714
1423 1759
1424 5551
1425 365
1426 1842
1427 6553
1428 4928
1429 3228
1430 8138
1431 3723
1432 5076
1433 9441
1434 8264
1435 4791
1436 7416
1437 959
1438 6997
1439 7860
1440 8936
1441 9248
1442 1469
1443 5754
1444 1613
1445 7623
1446 5811
1447 4410
1448 6455
1449 6026
1450 6967
1451 6495
1452 5316
1453 6137
1454 3011
1455 1711
1456 5909
1457 5499
1458 4463
1459 8737
1460 864
1461 1815
1462 3911
1463 4571
1464 6056
1465 4829
1466 3537
1467 2730
1468 6384
1469 1083
1470 8698
1471 9925
1472 2443
1473 8694
1474 2053
1475 2373
1476 8294
1477 3925
1478 151
1479 7913
1480 4493
1481 7350
1482 103
1483 8904
1484 6131
1485 1630
1486 8385
1487 8962
1488 6329
1489 6537
1490 8870
1491 1943
1492 6429
1493 8307
1494 6979
1495 7110
1496 5258
1497 6821
1498 9669
1499 6671
1500 4103
1501 3136
1502 7951
1503 5339
1504 7344
1505 7053
1506 4127
1507 6622
1508 4204
1509 704
1510 3377
1511 2079
1512 5351
1513 6500
1514 4233
1515 3464
1516 1717
1517 4980
1518 8408
1519 4501
1520 6418
1521 4594
1522 6268
1523 9863
1524 2299
1525 6760
1526 3426
1527 4104
1528 1707
1529 4834
1530 6966
1531 1430
1532 4256
1533 3404
1534 3828
1535 1379
1536 9425
1537 4650
1538 1537
1539 9153
1540 7429
1541 1745
1542 4671
1543 5661
1544 3202
1545 6799
1546 6432
1547 9949
1548 4070
1549 3517
1550 5408
1551 290
1552 8462
1553 5102
1554 250
1555 9489
1556 6767
1557 8113
1558 3171
1559 579
1560 3618
1561 30
1562 4959
1563 9370
1564 3666
1565 2015
1566 7739
1567 2042
1568 2715
1569 2842
1570 4087
1571 6934
1572 3488
1573 9313
1574 7027
1575 4731
1576 9907
1577 630
1578 6632
1579 5344
1580 320
1581 3476
1582 59
1583 8135
1584 9414
1585 6682
1586 2960
1587 9137
1588 3180
1589 4352
1590 4548
1591 1294
1592 1560
1593 942
1594 5404
1595 7405
1596 6650
1597 5313
1598 2070
1599 1212
1600 9107
1601 4478
1602 7198
1603 1200
1604 9475
1605 8490
1606 6738
1607 9198
1608 8092
1609 5421
1610 9573
1611 6107
1612 1432
1613 7719
1614 253
1615 165
1616 9975
1617 6847
1618 9960
1619 6920
1620 9042
1621 8671
1622 8821
1623 8367
1624 8296
1625 2779
1626 5387
1627 2585
1628 3824
1629 9628
1630 8071
1631 4518
1632 8619
1633 5405
1634 6281
1635 5776
1636 6188
1637 8854
1638 8664
1639 906
1640 9951
1641 3788
1642 990
1643 7645
1644 4752
1645 8405
1646 9876
1647 3763
1648 692
1649 5250
1650 7428
1651 9807
1652 5349
1653 5009
1654 2275
1655 387
1656 5629
1657 8897
1658 2911
1659 6634
1660 3026
1661 4212
1662 5280
1663 8468
1664 7374
1665 4983
1666 7517
1667 5919
1668 1422
1669 4418
1670 3890
1671 1119
1672 8224
1673 9098
1674 6957
1675 5153
1676 7630
1677 1115
1678 3543
1679 9881
1680 2893
1681 1705
1682 1904
1683 8530
1684 2235
1685 8261
1686 9177
1687 3546
1688 3251
1689 5918
1690 156
1691 7346
1692 5876
1693 2030
1694 7838
1695 5698
1696 8478
1697 2573
1698 294
1699 9750
1700 847
1701 3913
1702 2413
1703 6190
1704 1420
1705 6264
1706 1648
1707 6296
1708 8033
1709 6969
1710 2719
1711 4523
1712 5271
1713 3031
1714 3769
1715 1366
1716 2398
1717 6768
1718 6224
1719 9188
1720 5852
1721 3983
1722 2724
1723 5396
1724 4287
1725 6478
1726 5160
1727 6158
1728 1169
1729 1274
1730 6679
1731 5075
1732 841
1733 3792
1734 9083
1735 9024
1736 9322
1737 5548
1738 7086
1739 5807
1740 6593
1741 2774
1742 5476
1743 6160
1744 3256
1745 5543
1746 2118
1747 2866
1748 8204
1749 6452
1750 3364
1751 1702
1752 6179
1753 1125
1754 3860
1755 6838
1756 1197
1757 6874
1758 2020
1759 4856
1760 1087
1761 5325
1762 5129
1763 6722
1764 291
1765 7542
1766 3695
1767 1531
1768 4016
1769 4769
1770 2131
1771 6699
1772 9686
1773 440
1774 2548
1775 3123
1776 8461
1777 6431
1778 2259
1779 8677
1780 4446
1781 2390
1782 8014
1783 4633
1784 7872
1785 5015
1786 8893
1787 9693
1788 9941
1789 2228
1790 7745
1791 2433
1792 3597
1793 2280
1794 4698
1795 1245
1796 7552
1797 8756
1798 5901
1799 5626
1800 1937
1801 555
1802 8876
1803 3387
1804 4421
1805 6585
1806 2018
1807 5770
1808 8620
1809 743
1810 8413
1811 4666
1812 4659
1813 3287
1814 435
1815 8763
1816 7322
1817 510
1818 8886
1819 5177
1820 8699
1821 4018
1822 1617
1823 1881
1824 6970
1825 9666
1826 3118
1827 7445
1828 5659
1829 1254
1830 5472
1831 9690
1832 558
1833 6492
1834 6753
1835 3917
1836 3455
1837 4587
1838 239
1839 1255
1840 3085
1841 3060
1842 1059
1843 9224
1844 3734
1845 3063
1846 7638
1847 337
1848 1832
1849 5940
1850 3896
1851 7050
1852 9890
1853 715
1854 6930
1855 7846
1856 9009
1857 6971
1858 6317
1859 4720
1860 3501
1861 4483
1862 128
1863 7338
1864 5178
1865 8711
1866 4159
1867 8172
1868 6445
1869 6466
1870 5230
1871 2738
1872 266
1873 7571
1874 2199
1875 5585
1876 2928
1877 2428
1878 8089
1879 3944
1880 2031
1881 2776
1882 5647
1883 9703
1884 7335
1885 8444
1886 9794
1887 9813
1888 9565
1889 8944
1890 4921
1891 6404
1892 8245
1893 5422
1894 7706
1895 8586
1896 2941
1897 3696
1898 3961
1899 4998
1900 8913
1901 9527
1902 3833
1903 5227
1904 701
1905 1157
1906 6785
1907 2335
1908 8581
1909 1336
1910 4904
1911 6529
1912 8958
1913 2474
1914 2780
1915 738
1916 8815
1917 404
1918 5
1919 6750
1920 8930
1921 4339
1922 8606
1923 7543
1924 1590
1925 8823
1926 4473
1927 4750
1928 9859
1929 3531
1930 2700
1931 9253
1932 8438
1933 3039
1934 5007
1935 2501
1936 8972
1937 407
1938 9056
1939 6127
1940 1647
1941 7496
1942 1241
1943 8235
1944 3978
1945 8391
1946 7501
1947 5761
1948 2707
1949 6946
1950 9757
1951 2570
1952 3693
1953 7133
1954 6073
1955 4534
1956 909
1957 6193
1958 3700
1959 1914
1960 6621
1961 2095
1962 2451
1963 4979
1964 8646
1965 5673
1966 8150
1967 5836
1968 7358
1969 317
1970 1845
1971 8411
1972 1395
1973 3796
1974 5128
1975 1372
1976 3093
1977 380
1978 3575
1979 3183
1980 1284
1981 8689
1982 2152
1983 2855
1984 3775
1985 155
1986 5459
1987 1259
1988 6881
1989 499
1990 1588
1991 2686
1992 6639
1993 7102
1994 9532
1995 9581
1996 5066
1997 6156
1998 9588
1999 8280
2000 240
2001 1693
2002 8421
2003 2423
2004 5145
2005 1353
2006 1134
2007 9903
2008 2035
2009 4715
2010 1467
2011 538
2012 2675
2013 560
2014 594
2015 7960
2016 9950
2017 9549
2018 1230
2019 8505
2020 203
2021 6846
2022 9003
2023 6859
2024 8759
2025 9174
2026 1767
2027 4263
2028 4286
2029 5549
2030 6182
2031 6835
2032 799
2033 5283
2034 2924
2035 9630
2036 279
2037 9698
2038 7628
2039 2467
2040 9040
2041 5559
2042 9301
2043 2214
2044 9084
2045 1009
2046 15
2047 6081
2048 6508
2049 1571
2050 9623
2051 5521
2052 4948
2053 1060
2054 8064
2055 3355
2056 2706
2057 1551
2058 3589
2059 6017
2060 9638
2061 6858
2062 5563
2063 6312
2064 8511
2065 4568
2066 9720
2067 7284
2068 7575
2069 948
2070 7658
2071 243
2072 1909
2073 8805
2074 9510
2075 4558
2076 7562
2077 6765
2078 7827
2079 7695
2080 9163
2081 5528
2082 7663
2083 2747
2084 5943
2085 674
2086 1913
2087 9713
2088 7227
2089 9572
2090 6902
2091 8746
2092 6033
2093 1644
2094 2794
2095 2172
2096 9989
2097 2885
2098 3616
2099 4423
2100 1287
2101 2698
2102 8533
2103 5536
2104 3830
2105 9401
2106 3691
2107 6114
2108 1615
2109 3457
2110 5733
2111 5853
2112 3648
2113 5844
2114 6913
2115 4060
2116 9218
2117 2874
2118 397
2119 7797
2120 2731
2121 10
2122 71
2123 8038
2124 4030
2125 8997
2126 4147
2127 265
2128 5969
2129 7360
2130 4566
2131 4658
2132 3164
2133 3408
2134 6375
2135 6363
2136 7016
2137 2181
2138 8929
2139 6555
2140 6926
2141 5652
2142 8157
2143 3778
2144 3784
2145 1029
2146 5034
2147 205
2148 4619
2149 8734
2150 2922
2151 7083
2152 2531
2153 5773
2154 1755
2155 1285
2156 2647
2157 478
2158 1601
2159 4851
2160 5168
2161 3433
2162 175
2163 4178
2164 8896
2165 1052
2166 2743
2167 251
2168 9462
2169 519
2170 6944
2171 7018
2172 3972
2173 3780
2174 867
2175 6994
2176 1893
2177 6206
2178 4248
2179 2974
2180 3869
2181 3960
2182 5544
2183 7233
2184 4443
2185 7452
2186 2262
2187 7301
2188 1754
2189 5100
2190 3791
2191 6533
2192 565
2193 4033
2194 1384
2195 3503
2196 5469
2197 3964
2198 4874
2199 2745
2200 8317
2201 4804
2202 751
2203 4136
2204 1792
2205 5830
2206 3140
2207 8704
2208 4914
2209 4629
2210 9453
2211 6293
2212 6166
2213 8588
2214 991
2215 1256
2216 7812
2217 2882
2218 9716
2219 1403
2220 8867
2221 5336
2222 8549
2223 4292
2224 6661
2225 421
2226 6459
2227 9952
2228 2453
2229 7307
2230 1536
2231 7871
2232 1361
2233 1526
2234 4636
2235 9094
2236 3214
2237 1462
2238 5481
2239 8589
2240 4345
2241 3484
2242 2430
2243 6993
2244 5685
2245 7415
2246 343
2247 2013
2248 3004
2249 130
2250 5633
2251 2644
2252 4234
2253 3486
2254 3875
2255 2896
2256 6226
2257 6410
2258 7408
2259 1320
2260 9383
2261 3200
2262 6223
2263 7563
2264 3168
2265 1561
2266 4950
2267 4680
2268 3905
2269 2002
2270 8058
2271 6322
2272 7337
2273 1132
2274 7011
2275 5306
2276 2994
2277 1520
2278 8571
2279 9290
2280 86
2281 4511
2282 6894
2283 2353
2284 1709
2285 8905
2286 3629
2287 7830
2288 7589
2289 1814
2290 2756
2291 6690
2292 4025
2293 4202
2294 9245
2295 1149
2296 7180
2297 4762
2298 3872
2299 4180
2300 2491
2301 5556
2302 8057
2303 1047
2304 2119
2305 9307
2306 5211
2307 3095
2308 6382
2309 8538
2310 9901
2311 4751
2312 7877
2313 8175
2314 1237
2315 4802
2316 6186
2317 3998
2318 5888
2319 4270
2320 7841
2321 7101
2322 7073
2323 2195
2324 9234
2325 1328
2326 2419
2327 3166
2328 1967
2329 5854
2330 8148
2331 8223
2332 7590
2333 4374
2334 6773
2335 4452
2336 6425
2337 5828
2338 235
2339 2426
2340 3595
2341 576
2342 1417
2343 9135
2344 1907
2345 7944
2346 8841
2347 5804
2348 2952
2349 4379
2350 4875
2351 3233
2352 8878
2353 9613
2354 6252
2355 5272
2356 8510
2357 5881
2358 1892
2359 729
2360 6877
2361 2167
2362 1163
2363 569
2364 392
2365 1733
2366 7125
2367 3500
2368 1357
2369 6732
2370 8362
2371 385
2372 3742
2373 3520
2374 636
2375 7262
2376 5686
2377 7993
2378 268
2379 1225
2380 2529
2381 6485
2382 201
2383 7497
2384 977
2385 4885
2386 9358
2387 7997
2388 8067
2389 1503
2390 5921
2391 567
2392 4022
2393 9517
2394 5415
2395 1547
2396 9419
2397 852
2398 8701
2399 184
2400 810
2401 5262
2402 4465
2403 6117
2404 5996
2405 4500
2406 9473
2407 5273
2408 9016
2409 9044
2410 9604
2411 496
2412 5610
2413 623
2414 8242
2415 389
2416 1956
2417 3609
2418 9571
2419 5416
2420 2392
2421 9187
2422 5389
2423 9861
2424 815
2425 7755
2426 6300
2427 4257
2428 8069
2429 9161
2430 7884
2431 4839
2432 9325
2433 100
2434 429
2435 7149
2436 2103
2437 4015
2438 1501
2439 6407
2440 5401
2441 4036
2442 9092
2443 9112
2444 1939
2445 5413
2446 4862
2447 3375
2448 1266
2449 5041
2450 9615
2451 5725
2452 1282
2453 3239
2454 7793
2455 1695
2456 9857
2457 4576
2458 5320
2459 8255
2460 8163
2461 5155
2462 7208
2463 9850
2464 1080
2465 4681
2466 1178
2467 5509
2468 204
2469 1044
2470 8354
2471 7875
2472 2208
2473 3104
2474 14
2475 8333
2476 117
2477 6315
2478 7953
2479 5290
2480 2889
2481 2969
2482 2976
2483 2978
2484 9512
2485 2206
2486 3557
2487 6031
2488 2322
2489 8765
2490 7273
2491 7400
2492 8633
2493 3248
2494 8326
2495 254
2496 6731
2497 9222
2498 7941
2499 7130
2500 4288
2501 9346
2502 3206
2503 216
2504 6697
2505 1760
2506 3586
2507 8189
2508 3230
2509 9514
2510 1586
2511 3460
2512 6589
2513 39
2514 5301
2515 5126
2516 2284
2517 4269
2518 354
2519 8989
2520 1139
2521 5050
2522 3296
2523 1443
2524 3716
2525 910
2526 9288
2527 8924
2528 4755
2529 9749
2530 1579
2531 919
2532 8423
2533 814
2534 1043
2535 3541
2536 9774
2537 2769
2538 6172
2539 7750
2540 8537
2541 5333
2542 2851
2543 2760
2544 7178
2545 3829
2546 784
2547 8605
2548 7869
2549 3141
2550 8021
2551 2543
2552 8834
2553 9062
2554 5968
2555 9225
2556 5989
2557 1799
2558 6416
2559 5788
2560 2490
2561 4664
2562 3385
2563 3446
2564 7930
2565 628
2566 5020
2567 5780
2568 9020
2569 1829
2570 5331
2571 9469
2572 8012
2573 2589
2574 427
2575 5721
2576 2291
2577 550
2578 4220
2579 9905
2580 126
2581 659
2582 992
2583 1685
2584 1775
2585 9090
2586 2161
2587 9424
2588 4768
2589 1905
2590 7494
2591 8019
2592 6231
2593 405
2594 5286
2595 3811
2596 2045
2597 9426
2598 4772
2599 6538
2600 8771
2601 4933
2602 9627
2603 6052
2604 7715
2605 8582
2606 4466
2607 6195
2608 8595
2609 259
2610 6916
2611 5442
2612 7498
2613 6523
2614 5676
2615 1837
2616 3689
2617 1794
2618 1781
2619 8948
2620 8541
2621 5616
2622 1015
2623 7081
2624 4259
2625 7326
2626 3167
2627 7584
2628 7192
2629 6561
2630 3748
2631 2824
2632 5704
2633 7604
2634 1126
2635 5099
2636 1017
2637 4866
2638 3901
2639 3152
2640 4533
2641 5787
2642 816
2643 4510
2644 4882
2645 2092
2646 500
2647 9721
2648 4645
2649 3518
2650 123
2651 244
2652 7629
2653 5840
2654 8040
2655 3111
2656 3935
2657 2549
2658 1889
2659 391
2660 5363
2661 6836
2662 9087
2663 2029
2664 6442
2665 4111
2666 9746
2667 9892
2668 5374
2669 574
2670 758
2671 8803
2672 7816
2673 8587
2674 4358
2675 2710
2676 4826
2677 6434
2678 2248
2679 2277
2680 6827
2681 3418
2682 2915
2683 3663
2684 6444
2685 3502
2686 5105
2687 9851
2688 9602
2689 8020
2690 1205
2691 8515
2692 3030
2693 3494
2694 7676
2695 7639
2696 6756
2697 8838
2698 8032
2699 794
2700 2338
2701 610
2702 4305
2703 4116
2704 2775
2705 1297
2706 2436
2707 9131
2708 1534
2709 5296
2710 8268
2711 7417
2712 323
2713 9641
2714 3509
2715 2046
2716 3934
2717 5302
2718 5431
2719 2966
2720 9004
2721 9895
2722 298
2723 7367
2724 9373
2725 2310
2726 5731
2727 4334
2728 856
2729 6629
2730 5863
2731 5976
2732 8452
2733 1396
2734 9940
2735 6185
2736 9169
2737 8799
2738 904
2739 5141
2740 1111
2741 6023
2742 8355
2743 4254
2744 9763
2745 3747
2746 8196
2747 3388
2748 9985
2749 5700
2750 3729
2751 1453
2752 3336
2753 5023
2754 1871
2755 2424
2756 315
2757 6870
2758 4733
2759 533
2760 5490
2761 8054
2762 8236
2763 4814
2764 9460
2765 2294
2766 9041
2767 8959
2768 9694
2769 7235
2770 2857
2771 5082
2772 4430
2773 295
2774 1884
2775 2880
2776 1589
2777 5999
2778 7591
2779 5537
2780 4066
2781 2408
2782 4351
2783 5069
2784 2912
2785 4442
2786 2688
2787 3363
2788 9562
2789 7519
2790 5896
2791 2285
2792 4041
2793 384
2794 9650
2795 3059
2796 7805
2797 3483
2798 4786
2799 7500
2800 4717
2801 9291
2802 3680
2803 2714
2804 2852
2805 8615
2806 6955
2807 3042
2808 3232
2809 8984
2810 826
2811 4275
2812 9302
2813 9221
2814 6411
2815 3184
2816 3687
2817 3107
2818 1961
2819 4943
2820 9567
2821 5572
2822 9391
2823 2210
2824 1334
2825 642
2826 1092
2827 4068
2828 635
2829 8788
2830 5008
2831 8047
2832 1226
2833 101
2834 831
2835 4765
2836 8659
2837 1681
2838 2317
2839 4313
2840 7423
2841 9622
2842 167
2843 613
2844 6676
2845 1706
2846 2939
2847 4819
2848 3912
2849 6423
2850 9378
2851 4689
2852 1627
2853 9811
2854 7946
2855 9179
2856 9894
2857 1581
2858 1368
2859 2282
2860 7470
2861 2940
2862 2455
2863 4416
2864 3893
2865 2773
2866 3024
2867 9223
2868 8368
2869 1716
2870 4495
2871 2117
2872 845
2873 7565
2874 7492
2875 9947
2876 5409
2877 8760
2878 5366
2879 9657
2880 7651
2881 6196
2882 153
2883 4150
2884 9448
2885 318
2886 6405
2887 1413
2888 2187
2889 1735
2890 4868
2891 7085
2892 280
2893 50
2894 6761
2895 4486
2896 7176
2897 5693
2898 6664
2899 3952
2900 8630
2901 3746
2902 6437
2903 2296
2904 2008
2905 7260
2906 3885
2907 3989
2908 2355
2909 8016
2910 3652
2911 1116
2912 6064
2913 1747
2914 4499
2915 1234
2916 2801
2917 8265
2918 4961
2919 3556
2920 6253
2921 1664
2922 7019
2923 6608
2924 6729
2925 7372
2926 1821
2927 807
2928 797
2929 3009
2930 2739
2931 9729
2932 2107
2933 1475
2934 1020
2935 3933
2936 9762
2937 7883
2938 2254
2939 2183
2940 6357
2941 2511
2942 9152
2943 4098
2944 8010
2945 3753
2946 974
2947 8577
2948 5462
2949 5505
2950 1749
2951 8998
2952 724
2953 3137
2954 7600
2955 6952
2956 6654
2957 9819
2958 5410
2959 4539
2960 5477
2961 3082
2962 3201
2963 9298
2964 5242
2965 3932
2966 9124
2967 4616
2968 670
2969 590
2970 1479
2971 4860
2972 6010
2973 2877
2974 7122
2975 3831
2976 2550
2977 2958
2978 8634
2979 2996
2980 6347
2981 3218
2982 5235
2983 5187
2984 1314
2985 3762
2986 9061
2987 8938
2988 3823
2989 4045
2990 7196
2991 9945
2992 2481
2993 7596
2994 6548
2995 3335
2996 9308
2997 9824
2998 8796
2999 4093
3000 4643
3001 6270
3002 7878
3003 4896
3004 4095
3005 6772
3006 2894
3007 7801
3008 5938
3009 3789
3010 4468
3011 3713
3012 1190
3013 2496
3014 8155
3015 2372
3016 7752
3017 7914
3018 7926
3019 1541
3020 4887
3021 179
3022 828
3023 6592
3024 3339
3025 1557
3026 2492
3027 8425
3028 6229
3029 3805
3030 4530
3031 2694
3032 4156
3033 4531
3034 8331
3035 95
3036 5245
3037 357
3038 1142
3039 4489
3040 871
3041 1168
3042 2920
3043 31
3044 9552
3045 3478
3046 8738
3047 9980
3048 9501
3049 4278
3050 5497
3051 1343
3052 1921
3053 7238
3054 9201
3055 4494
3056 5447
3057 1260
3058 1619
3059 2583
3060 4354
3061 4467
3062 1576
3063 2229
3064 9280
3065 1843
3066 9580
3067 6598
3068 4132
3069 8052
3070 6972
3071 7404
3072 6755
3073 3434
3074 645
3075 3721
3076 7202
3077 800
3078 7056
3079 9843
3080 2786
3081 2507
3082 8957
3083 2075
3084 8281
3085 3219
3086 796
3087 6856
3088 5327
3089 3797
3090 4560
3091 4049
3092 8780
3093 8597
3094 161
3095 6321
3096 9637
3097 756
3098 764
3099 7709
3100 3924
3101 2165
3102 5799
3103 1438
3104 7212
3105 8125
3106 4521
3107 8441
3108 6581
3109 5364
3110 7229
3111 4653
3112 4162
3113 1772
3114 9760
3115 1926
3116 5503
3117 9533
3118 3902
3119 6000
3120 989
3121 2696
3122 1253
3123 335
3124 3450
3125 2973
3126 8651
3127 8203
3128 3290
3129 4260
3130 4105
3131 6424
3132 36
3133 9363
3134 5884
3135 686
3136 6580
3137 7462
3138 4724
3139 163
3140 8661
3141 2414
3142 257
3143 9963
3144 6493
3145 9891
3146 9856
3147 7014
3148 8828
3149 8283
3150 833
3151 120
3152 6828
3153 4679
3154 6695
3155 1236
3156 844
3157 5453
3158 7936
3159 4280
3160 9476
3161 6284
3162 5084
3163 2421
3164 1307
3165 786
3166 4626
3167 4798
3168 5757
3169 9123
3170 5196
3171 8063
3172 4713
3173 3726
3174 7353
3175 8636
3176 2466
3177 1289
3178 3783
3179 3559
3180 3120
3181 1631
3182 9394
3183 4985
3184 3412
3185 4003
3186 9616
3187 5243
3188 2626
3189 4639
3190 9834
3191 1113
3192 9538
3193 491
3194 688
3195 2371
3196 7194
3197 7850
3198 8649
3199 5706
3200 5165
3201 4999
3202 1251
3203 9733
3204 2999
3205 2766
3206 5304
3207 3115
3208 7309
3209 8110
3210 8817
3211 9550
3212 1751
3213 4373
3214 1145
3215 7837
3216 6929
3217 116
3218 8991
3219 7270
3220 1172
3221 9387
3222 2269
3223 1102
3224 9265
3225 4115
3226 8542
3227 4271
3228 3054
3229 5013
3230 1416
3231 4529
3232 2661
3233 8056
3234 8374
3235 8075
3236 336
3237 9636
3238 2072
3239 658
3240 8645
3241 6456
3242 7924
3243 4490
3244 5818
3245 303
3246 9436
3247 5098
3248 9348
3249 2816
3250 5305
3251 7094
3252 8953
3253 1335
3254 4538
3255 5809
3256 2818
3257 152
3258 509
3259 8903
3260 4229
3261 1062
3262 66
3263 2347
3264 6642
3265 4272
3266 6865
3267 3614
3268 5975
3269 3078
3270 7491
3271 7289
3272 8090
3273 8309
3274 8663
3275 4630
3276 1425
3277 7660
3278 5199
3279 8971
3280 4660
3281 3371
3282 4897
3283 236
3284 9699
3285 4291
3286 5571
3287 1305
3288 3479
3289 2545
3290 5195
3291 200
3292 9173
3293 3133
3294 6356
3295 7530
3296 6392
3297 5620
3298 7779
3299 1632
3300 3394
3301 5737
3302 9172
3303 6184
3304 5238
3305 8003
3306 9080
3307 626
3308 2683
3309 9889
3310 4422
3311 5062
3312 4852
3313 1602
3314 4177
3315 846
3316 6087
3317 9799
3318 2604
3319 2444
3320 8641
3321 5532
3322 160
3323 3491
3324 7796
3325 7288
3326 8208
3327 4930
3328 1911
3329 1082
3330 8227
3331 5717
3332 9893
3333 3622
3334 5483
3335 8968
3336 4262
3337 8672
3338 4908
3339 1731
3340 5207
3341 4953
3342 8639
3343 3584
3344 8074
3345 146
3346 5251
3347 7528
3348 8978
3349 5524
3350 1419
3351 6594
3352 3083
3353 5358
3354 2944
3355 7781
3356 5568
3357 5562
3358 8432
3359 7934
3360 9797
3361 4076
3362 8753
3363 1609
3364 1700
3365 8678
3366 5175
3367 1223
3368 5993
3369 5193
3370 6544
3371 7444
3372 4843
3373 890
3374 7115
3375 3615
3376 6912
3377 6496
3378 5380
3379 7646
3380 2080
3381 638
3382 5980
3383 6228
3384 9680
3385 1620
3386 2679
3387 4459
3388 711
3389 7666
3390 3304
3391 8632
3392 256
3393 6936
3394 1915
3395 1188
3396 6169
3397 7036
3398 1988
3399 9409
3400 4876
3401 4083
3402 1552
3403 3668
3404 9031
3405 3936
3406 1806
3407 2249
3408 8290
3409 9321
3410 873
3411 9129
3412 189
3413 728
3414 5890
3415 9209
3416 8028
3417 2500
3418 1919
3419 90
3420 5972
3421 740
3422 531
3423 8335
3424 1984
3425 7921
3426 7185
3427 7861
3428 9055
3429 5908
3430 7377
3431 9869
3432 4564
3433 5998
3434 2785
3435 7920
3436 9159
3437 2385
3438 7255
3439 5712
3440 9800
3441 469
3442 6139
3443 1404
3444 6801
3445 4221
3446 8456
3447 9535
3448 1035
3449 2711
3450 3158
3451 3761
3452 5135
3453 1896
3454 3360
3455 4149
3456 3528
3457 3215
3458 1796
3459 1027
3460 6670
3461 3871
3462 3191
3463 2369
3464 1940
3465 987
3466 4476
3467 4134
3468 7911
3469 7961
3470 70
3471 5670
3472 5110
3473 6069
3474 272
3475 5494
3476 4516
3477 9167
3478 1494
3479 7671
3480 9509
3481 7641
3482 6806
3483 6245
3484 2800
3485 3599
3486 4640
3487 2736
3488 2682
3489 8623
3490 4387
3491 5868
3492 586
3493 6191
3494 9076
3495 5891
3496 7247
3497 3883
3498 9518
3499 5792
3500 9723
3501 4311
3502 1624
3503 3061
3504 2663
3505 7411
3506 8609
3507 9104
3508 1628
3509 7795
3510 9620
3511 4412
3512 1762
3513 4048
3514 1566
3515 9081
3516 6996
3517 6844
3518 9528
3519 8278
3520 6263
3521 1804
3522 1482
3523 9327
3524 3561
3525 4135
3526 5074
3527 8922
3528 7072
3529 4329
3530 8266
3531 653
3532 9618
3533 5605
3534 7962
3535 5142
3536 6046
3537 3759
3538 3627
3539 5309
3540 4975
3541 5569
3542 1123
3543 4815
3544 9048
3545 9970
3546 4192
3547 6503
3548 4673
3549 9998
3550 8916
3551 415
3552 4365
3553 1235
3554 9523
3555 7939
3556 2826
3557 2329
3558 9494
3559 8504
3560 2361
3561 9700
3562 1997
3563 7218
3564 9584
3565 9012
3566 4788
3567 6018
3568 6006
3569 6285
3570 2913
3571 3264
3572 3226
3573 4148
3574 3247
3575 697
3576 625
3577 6583
3578 308
3579 3580
3580 9956
3581 8591
3582 4170
3583 7076
3584 5379
3585 7802
3586 6218
3587 8382
3588 6079
3589 23
3590 2407
3591 3825
3592 4293
3593 5107
3594 3038
3595 5259
3596 3647
3597 3867
3598 5212
3599 51
3600 5109
3601 8136
3602 489
3603 8387
3604 7033
3605 5584
3606 7172
3607 214
3608 7981
3609 8818
3610 7297
3611 6132
3612 2010
3613 5835
3614 8555
3615 3701
3616 5480
3617 4823
3618 1861
3619 1786
3620 2697
3621 6371
3622 9931
3623 5986
3624 3987
3625 9136
3626 9018
3627 8049
3628 1093
3629 7900
3630 6982
3631 6706
3632 1365
3633 271
3634 8451
3635 1858
3636 8097
3637 5762
3638 45
3639 9784
3640 633
3641 6024
3642 368
3643 7275
3644 2691
3645 6096
3646 1908
3647 8418
3648 6564
3649 9339
3650 9768
3651 8824
3652 2109
3653 3507
3654 7314
3655 8717
3656 8201
3657 4444
3658 4380
3659 7954
3660 6605
3661 9186
3662 9144
3663 82
3664 1833
3665 592
3666 4807
3667 1736
3668 7402
3669 6673
3670 5575
3671 9715
3672 4785
3673 2081
3674 1085
3675 6566
3676 6020
3677 2627
3678 3340
3679 7790
3680 7191
3681 573
3682 1451
3683 1824
3684 8160
3685 8212
3686 4657
3687 7808
3688 2904
3689 9707
3690 3591
3691 3606
3692 1415
3693 2124
3694 3145
3695 1497
3696 6927
3697 304
3698 5478
3699 2157
3700 1327
3701 180
3702 968
3703 9887
3704 3685
3705 67
3706 4019
3707 24
3708 2463
3709 733
3710 2670
3711 5534
3712 1090
3713 6524
3714 745
3715 6040
3716 7655
3717 7278
3718 1965
3719 3566
3720 5843
3721 6939
3722 8779
3723 7665
3724 3101
3725 2040
3726 8328
3727 2752
3728 8898
3729 9617
3730 9647
3731 5732
3732 7046
3733 1252
3734 6448
3735 7006
3736 9592
3737 1593
3738 8080
3739 8099
3740 4188
3741 4641
3742 5362
3743 2237
3744 7024
3745 8023
3746 2562
3747 4818
3748 1302
3749 7001
3750 3773
3751 9646
3752 8392
3753 1985
3754 6145
3755 4335
3756 1394
3757 3271
3758 6748
3759 1756
3760 1785
3761 1261
3762 1120
3763 2803
3764 1073
3765 6862
3766 8509
3767 9836
3768 79
3769 3681
3770 6472
3771 6083
3772 9267
3773 3818
3774 9415
3775 1196
3776 1606
3777 6556
3778 649
3779 5019
3780 9474
3781 3453
3782 1447
3783 1877
3784 5786
3785 2
3786 7356
3787 5092
3788 5004
3789 2219
3790 5612
3791 6254
3792 4729
3793 6302
3794 6297
3795 2914
3796 3524
3797 2631
3798 1066
3799 178
3800 9540
3801 2692
3802 4735
3803 7572
3804 536
3805 7599
3806 408
3807 4541
3808 2576
3809 4963
3810 2768
3811 4758
3812 2637
3813 1771
3814 2308
3815 8279
3816 9812
3817 9315
3818 6933
3819 1071
3820 9519
3821 3351
3822 4773
3823 7886
3824 8026
3825 207
3826 1374
3827 2860
3828 7431
3829 6412
3830 7617
3831 8992
3832 5463
3833 474
3834 5482
3835 6740
3836 8697
3837 3822
3838 1301
3839 8193
3840 9598
3841 2814
3842 2613
3843 42
3844 9410
3845 868
3846 3673
3847 3035
3848 4112
3849 8098
3850 3102
3851 4255
3852 5592
3853 9996
3854 664
3855 6105
3856 7851
3857 6839
3858 9574
3859 327
3860 6198
3861 7505
3862 7068
3863 6030
3864 7323
3865 3809
3866 9296
3867 2201
3868 6125
3869 5411
3870 9569
3871 5952
3872 7966
3873 8784
3874 1512
3875 6638
3876 755
3877 4725
3878 8517
3879 7142
3880 6463
3881 8340
3882 8744
3883 9381
3884 3357
3885 3389
3886 3311
3887 5470
3888 9798
3889 9377
3890 8919
3891 1863
3892 4265
3893 970
3894 1971
3895 2116
3896 5684
3897 6481
3898 2689
3899 5518
3900 1633
3901 1582
3902 6814
3903 8650
3904 8539
3905 7069
3906 6197
3907 6817
3908 8499
3909 3976
3910 5346
3911 3117
3912 8363
3913 2437
3914 3815
3915 7903
3916 8792
3917 7692
3918 2718
3919 3954
3920 506
3921 3728
3922 2380
3923 6796
3924 6526
3925 7690
3926 1787
3927 6953
3928 6816
3929 9463
3930 956
3931 4244
3932 2147
3933 2932
3934 5519
3935 4924
3936 1487
3937 104
3938 838
3939 6204
3940 7111
3941 6401
3942 6976
3943 5794
3944 3953
3945 5749
3946 3458
3947 1897
3948 7128
3949 3996
3950 3266
3951 7964
3952 3804
3953 8719
3954 5031
3955 7811
3956 9251
3957 21
3958 2141
3959 790
3960 5310
3961 9284
3962 1
3963 9102
3964 2998
3965 1156
3966 1012
3967 5353
3968 6781
3969 8873
3970 6398
3971 8685
3972 6868
3973 6374
3974 6777
3975 4051
3976 6683
3977 6435
3978 2875
3979 769
3980 4258
3981 9873
3982 9829
3983 2847
3984 6109
3985 2971
3986 434
3987 3353
3988 7832
3989 7688
3990 5697
3991 1465
3992 8005
3993 48
3994 903
3995 7854
3996 6400
3997 7940
3998 2817
3999 2788
4000 4716
4001 8066
4002 5000
4003 8313
4004 7503
4005 4549
4006 1065
4007 7343
4008 1959
4009 1022
4010 1101
4011 2741
4012 7108
4013 1292
4014 6504
4015 5430
4016 9435
4017 7106
4018 2870
4019 41
4020 731
4021 7620
4022 7515
4023 9130
4024 3135
4025 4955
4026 671
4027 6830
4028 5484
4029 8967
4030 7544
4031 8762
4032 3642
4033 99
4034 5978
4035 6116
4036 4809
4037 1572
4038 5276
4039 1640
4040 1938
4041 3051
4042 1457
4043 6787
4044 6567
4045 2988
4046 4322
4047 6668
4048 3473
4049 5368
4050 8471
4051 9332
4052 5044
4053 2791
4054 2113
4055 7060
4056 524
4057 5916
4058 5117
4059 2567
4060 3903
4061 4219
4062 1876
4063 2968
4064 3444
4065 2400
4066 9113
4067 7002
4068 5229
4069 356
4070 651
4071 7842
4072 1848
4073 1271
4074 8149
4075 7633
4076 6146
4077 723
4078 2503
4079 143
4080 675
4081 3951
4082 3356
4083 118
4084 465
4085 8275
4086 3653
4087 878
4088 8024
4089 8956
4090 5621
4091 8891
4092 6304
4093 2792
4094 7653
4095 7625
4096 1209
4097 8481
4098 3361
4099 4268
4100 3929
4101 7232
4102 1448
4103 3138
4104 4734
4105 596
4106 7475
4107 3812
4108 4611
4109 4370
4110 881
4111 9783
4112 3466
4113 4992
4114 1894
4115 9954
4116 853
4117 1780
4118 2540
4119 5136
4120 8673
4121 8190
4122 9047
4123 6291
4124 4648
4125 1819
4126 1517
4127 9066
4128 3552
4129 466
4130 6402
4131 7700
4132 7308
4133 8209
4134 6133
4135 3391
4136 2546
4137 228
4138 5284
4139 9879
4140 742
4141 9847
4142 6159
4143 3638
4144 8034
4145 5824
4146 5329
4147 1339
4148 930
4149 7714
4150 6776
4151 9496
4152 5923
4153 8186
4154 5527
4155 5708
4156 8288
4157 5042
4158 8450
4159 2987
4160 9132
4161 8495
4162 245
4163 4169
4164 7888
4165 3144
4166 2487
4167 5232
4168 8842
4169 8460
4170 7410
4171 624
4172 6326
4173 2648
4174 4431
4175 8831
4176 2004
4177 5288
4178 8322
4179 8830
4180 6323
4181 169
4182 8088
4183 5778
4184 3621
4185 6931
4186 1817
4187 9199
4188 2640
4189 454
4190 5079
4191 7396
4192 1830
4193 2387
4194 782
4195 2314
4196 9611
4197 2111
4198 5716
4199 4871
4200 3405
4201 106
4202 2537
4203 2513
4204 309
4205 6119
4206 3094
4207 3331
4208 3717
4209 6711
4210 3774
4211 2916
4212 6735
4213 9619
4214 6558
4215 8954
4216 403
4217 4406
4218 529
4219 939
4220 1364
4221 3279
4222 2676
4223 8386
4224 3318
4225 19
4226 8845
4227 4065
4228 1869
4229 2245
4230 9243
4231 9908
4232 9596
4233 3396
4234 5345
4235 6225
4236 7618
4237 5555
4238 5464
4239 7435
4240 3873
4241 8443
4242 5369
4243 5820
4244 6619
4245 2261
4246 648
4247 2233
4248 5696
4249 1903
4250 1885
4251 5140
4252 1550
4253 4787
4254 3515
4255 144
4256 7407
4257 4119
4258 9192
4259 296
4260 7313
4261 9088
4262 1518
4263 1591
4264 7508
4265 3868
4266 3333
4267 3359
4268 4205
4269 321
4270 1262
4271 4766
4272 8920
4273 3050
4274 7021
4275 2921
4276 7829
4277 6758
4278 1750
4279 1100
4280 9382
4281 6616
4282 8337
4283 9967
4284 333
4285 4032
4286 8393
4287 4741
4288 9864
4289 5223
4290 8864
4291 3511
4292 6395
4293 5170
4294 124
4295 4820
4296 6898
4297 3859
4298 8336
4299 2797
4300 8882
4301 7237
4302 7932
4303 5355
4304 607
4305 7015
4306 6227
4307 8474
4308 7716
4309 609
4310 2332
4311 634
4312 2461
4313 8027
4314 922
4315 684
4316 712
4317 1559
4318 1215
4319 3498
4320 5438
4321 8567
4322 3480
4323 8974
4324 1468
4325 7691
4326 8352
4327 3659
4328 2938
4329 2271
4330 5951
4331 3995
4332 8480
4333 8935
4334 2304
4335 2149
4336 8708
4337 2903
4338 9386
4339 3274
4340 7687
4341 9916
4342 6984
4343 9294
4344 2991
4345 8226
4346 1095
4347 8416
4348 4301
4349 9451
4350 4128
4351 5338
4352 2658
4353 4784
4354 7258
4355 307
4356 3764
4357 9069
4358 3949
4359 2853
4360 8713
4361 2629
4362 5474
4363 5485
4364 4572
4365 8297
4366 2223
4367 3495
4368 5753
4369 8849
4370 2023
4371 7758
4372 2224
4373 7916
4374 5748
4375 5514
4376 1553
4377 4227
4378 5895
4379 3253
4380 6570
4381 9930
4382 9402
4383 3497
4384 8078
4385 604
4386 1349
4387 3637
4388 1642
4389 1983
4390 8321
4391 9677
4392 9006
4393 6451
4394 4537
4395 5064
4396 4378
4397 1511
4398 4620
4399 4670
4400 6009
4401 7561
4402 2634
4403 5400
4404 7418
4405 6277
4406 3245
4407 4651
4408 9072
4409 1779
4410 8777
4411 9554
4412 3080
4413 708
4414 6173
4415 8790
4416 3242
4417 2066
4418 7424
4419 4014
4420 6896
4421 8497
4422 1953
4423 3846
4424 540
4425 2350
4426 8843
4427 5618
4428 3374
4429 667
4430 1179
4431 38
4432 9578
4433 1214
4434 7167
4435 9074
4436 7265
4437 3919
4438 6019
4439 1789
4440 7333
4441 6602
4442 4599
4443 9870
4444 3172
4445 8758
4446 6557
4447 8269
4448 263
4449 5736
4450 1932
4451 2422
4452 4054
4453 654
4454 7747
4455 7523
4456 5657
4457 8764
4458 4891
4459 5106
4460 7468
4461 7535
4462 1300
4463 8372
4464 559
4465 8742
4466 9978
4467 1895
4468 3496
4469 7183
4470 1488
4471 9324
4472 5900
4473 5669
4474 6600
4475 282
4476 3851
4477 2083
4478 693
4479 1812
4480 5650
4481 582
4482 5341
4483 7579
4484 8776
4485 8800
4486 5946
4487 8941
4488 3421
4489 9640
4490 3328
4491 8553
4492 9039
4493 905
4494 4240
4495 9775
4496 5294
4497 6215
4498 9343
4499 4400
4500 8781
4501 4695
4502 4699
4503 3032
4504 4296
4505 2601
4506 6373
4507 8346
4508 4011
4509 7471
4510 3676
4511 3636
4512 8068
4513 3162
4514 9482
4515 6887
4516 2234
4517 3669
4518 9594
4519 1790
4520 2759
4521 1051
4522 8433
4523 3870
4524 3876
4525 2923
4526 313
4527 4987
4528 1478
4529 6820
4530 4898
4531 7541
4532 2708
4533 6213
4534 2980
4535 940
4536 5785
4537 2404
4538 3320
4539 6130
4540 2410
4541 7616
4542 4877
4543 5886
4544 5894
4545 9661
4546 472
4547 5802
4548 1446
4549 7269
4550 7583
4551 1689
4552 6647
4553 7547
4554 1692
4555 7673
4556 6258
4557 869
4558 9196
4559 1354
4560 2326
4561 1411
4562 6831
4563 7118
4564 2596
4565 6058
4566 958
4567 1834
4568 170
4569 8536
4570 1078
4571 9796
4572 367
4573 3368
4574 9399
4575 5054
4576 6089
4577 2533
4578 7908
4579 4209
4580 2494
4581 4448
4582 3573
4583 4145
4584 9271
4585 3277
4586 882
4587 5058
4588 4584
4589 5215
4590 4592
4591 4926
4592 3212
4593 2009
4594 3930
4595 947
4596 779
4597 7724
4598 3343
4599 9802
4600 8702
4601 8675
4602 5638
4603 2898
4604 6147
4605 7772
4606 1279
4607 3308
4608 8219
4609 6509
4610 1600
4611 3813
4612 2919
4613 4915
4614 8923
4615 7765
4616 7777
4617 2712
4618 7881
4619 9312
4620 5186
4621 5810
4622 7135
4623 4858
4624 3900
4625 6076
4626 6565
4627 8409
4628 9468
4629 8431
4630 4319
4631 8396
4632 9183
4633 8133
4634 5457
4635 3757
4636 8789
4637 682
4638 7910
4639 1444
4640 2056
4641 7534
4642 6869
4643 8072
4644 3686
4645 812
4646 2084
4647 8259
4648 3055
4649 6067
4650 3150
4651 8083
4652 9849
4653 4073
4654 4550
4655 2836
4656 1533
4657 774
4658 9051
4659 87
4660 1186
4661 2873
4662 3854
4663 9773
4664 2289
4665 3186
4666 4628
4667 4782
4668 9457
4669 5072
4670 9063
4671 7097
4672 4723
4673 6414
4674 7249
4675 7627
4676 8993
4677 9138
4678 1183
4679 3091
4680 4101
4681 8376
4682 5293
4683 3315
4684 5225
4685 6162
4686 8540
4687 5039
4688 3523
4689 2678
4690 2316
4691 7982
4692 1718
4693 7828
4694 241
4695 9164
4696 3690
4697 7089
4698 5797
4699 532
4700 6077
4701 7186
4702 8814
4703 7898
4704 7091
4705 5977
4706 3314
4707 3372
4708 6721
4709 6873
4710 3886
4711 2457
4712 9599
4713 5877
4714 5932
4715 2821
4716 7499
4717 557
4718 4491
4719 5957
4720 4605
4721 9597
4722 1258
4723 6724
4724 2862
4725 996
4726 5392
4727 6872
4728 6157
4729 8179
4730 3967
4731 1874
4732 3258
4733 665
4734 6917
4735 6854
4736 9558
4737 7384
4738 6134
4739 9282
4740 2901
4741 5096
4742 8329
4743 6591
4744 8775
4745 9828
4746 8410
4747 5722
4748 1927
4749 7385
4750 1623
4751 3174
4752 2623
4753 9822
4754 5841
4755 6505
4756 5915
4757 2106
4758 5014
4759 6045
4760 578
4761 6343
4762 7124
4763 8593
4764 2934
4765 2112
4766 9195
4767 8964
4768 9008
4769 9134
4770 3275
4771 132
4772 4337
4773 5198
4774 3090
4775 9508
4776 1273
4777 4588
4778 7974
4779 3020
4780 2622
4781 9687
4782 4978
4783 8811
4784 6546
4785 802
4786 9258
4787 3410
4788 4745
4789 410
4790 927
4791 7467
4792 2399
4793 105
4794 8681
4795 6447
4796 7965
4797 9719
4798 3674
4799 6674
4800 678
4801 9486
4802 6752
4803 2796
4804 4130
4805 1470
4806 8822
4807 7316
4808 6698
4809 6314
4810 5216
4811 1332
4812 4062
4813 2086
4814 3477
4815 874
4816 1392
4817 8358
4818 2055
4819 2198
4820 2809
4821 5705
4822 4139
4823 8558
4824 8166
4825 5739
4826 7734
4827 4242
4828 6522
4829 6547
4830 1530
4831 1578
4832 926
4833 1264
4834 2397
4835 3134
4836 2891
4837 2287
4838 4632
4839 5070
4840 2027
4841 1917
4842 6628
4843 8406
4844 5087
4845 9603
4846 3437
4847 322
4848 6554
4849 7778
4850 5055
4851 9643
4852 7686
4853 1595
4854 3904
4855 4902
4856 5278
4857 8247
4858 4595
4859 8373
4860 3678
4861 4552
4862 778
4863 162
4864 4840
4865 3704
4866 402
4867 2784
4868 9672
4869 364
4870 7955
4871 9200
4872 3649
4873 6841
4874 166
4875 938
4876 9108
4877 5711
4878 3400
4879 8569
4880 2379
4881 7414
4882 7597
4883 8748
4884 1496
4885 1912
4886 3806
4887 9385
4888 7336
4889 7381
4890 7766
4891 4615
4892 7551
4893 6256
4894 1435
4895 7370
4896 1069
4897 6484
4898 3510
4899 1423
4900 9227
4901 662
4902 639
4903 6165
4904 9823
4905 5897
4906 5926
4907 861
4908 1405
4909 2955
4910 5834
4911 9591
4912 4805
4913 6022
4914 5991
4915 6183
4916 6910
4917 2094
4918 8660
4919 2985
4920 9910
4921 1024
4922 5370
4923 2325
4924 2591
4925 3316
4926 1612
4927 7319
4928 5386
4929 2755
4930 9840
4931 2568
4932 2274
4933 2054
4934 9393
4935 1698
4936 6763
4937 1406
4938 8939
4939 5496
4940 5860
4941 2947
4942 7937
4943 4385
4944 1562
4945 8228
4946 9810
4947 1548
4948 286
4949 5121
4950 455
4951 9099
4952 7831
4953 545
4954 1522
4955 8164
4956 5185
4957 8384
4958 3644
4959 6473
4960 4360
4961 8613
4962 5360
4963 8647
4964 3114
4965 3332
4966 7339
4967 2828
4968 6646
4969 4364
4970 9467
4971 5489
4972 3128
4973 3122
4974 7057
4975 6919
4976 3068
4977 1010
4978 730
4979 4343
4980 3475
4981 61
4982 7039
4983 275
4984 2356
4985 801
4986 4634
4987 1721
4988 493
4989 1208
4990 6359
4991 8434
4992 7693
4993 2440
4994 1174
4995 7243
4996 7504
4997 9329
4998 1283
4999 8198
5000 854
5001 6942
5002 4801
5003 5869
5004 5687
5005 4883
5006 5887
5007 4697
5008 3427
5009 4522
5010 5040
5011 4207
5012 7602
5013 9334
5014 3005
5015 4321
5016 1570
5017 5091
5018 6286
5019 2359
5020 8658
5021 5645
5022 2391
5023 5423
5024 7912
5025 1004
5026 7768
5027 722
5028 1980
5029 9790
5030 9437
5031 3738
5032 9730
5033 2566
5034 3465
5035 6457
5036 5167
5037 1153
5038 4528
5039 7354
5040 4847
5041 9933
5042 8246
5043 5903
5044 6071
5045 2270
5046 775
5047 8414
5048 9400
5049 6826
5050 5710
5051 2435
5052 2959
5053 9023
5054 9543
5055 5123
5056 4609
5057 9362
5058 7945
5059 4656
5060 7088
5061 5157
5062 2804
5063 3601
5064 5071
5065 1326
5066 4458
5067 5056
5068 5795
5069 6474
5070 9140
5071 375
5072 602
5073 9014
5074 7403
5075 8723
5076 7412
5077 6330
5078 9359
5079 5689
5080 230
5081 9411
5082 1345
5083 5030
5084 4069
5085 6978
5086 780
5087 749
5088 2992
5089 8327
5090 1890
5091 5831
5092 3209
5093 9832
5094 267
5095 9663
5096 7096
5097 4573
5098 819
5099 4778
5100 7702
5101 5639
5102 2598
5103 2850
5104 7728
5105 5317
5106 1839
5107 3999
5108 1580
5109 804
5110 7685
5111 8262
5112 3
5113 2301
5114 4456
5115 7675
5116 3855
5117 7680
5118 9582
5119 8112
5120 547
5121 3698
5122 2168
5123 7484
5124 4617
5125 3235
5126 7155
5127 741
5128 8706
5129 7729
5130 1641
5131 2827
5132 5523
5133 4514
5134 7963
5135 4532
5136 6779
5137 8485
5138 7268
5139 8686
5140 5173
5141 6751
5142 9237
5143 2252
5144 588
5145 3578
5146 5827
5147 945
5148 5321
5149 2574
5150 5765
5151 9416
5152 4990
5153 2723
5154 4274
5155 4028
5156 3551
5157 5011
5158 8210
5159 4515
5160 8188
5161 1038
5162 5237
5163 3771
5164 9233
5165 4864
5166 2684
5167 5406
5168 4264
5169 9917
5170 900
5171 5328
5172 417
5173 885
5174 2872
5175 3718
5176 4492
5177 9909
5178 6907
5179 1042
5180 7312
5181 6164
5182 5322
5183 6098
5184 2005
5185 2264
5186 7762
5187 2848
5188 273
5189 3965
5190 967
5191 1803
5192 278
5193 2772
5194 508
5195 4164
5196 1516
5197 5372
5198 2984
5199 5648
5200 932
5201 409
5202 6643
5203 5399
5204 1674
5205 420
5206 9021
5207 4141
5208 9827
5209 535
5210 9521
5211 3632
5212 8122
5213 7119
5214 7163
5215 1998
5216 5630
5217 9175
5218 1857
5219 6943
5220 7061
5221 9793
5222 5137
5223 299
5224 8973
5225 9181
5226 5060
5227 7606
5228 379
5229 8703
5230 2298
5231 9127
5232 6878
5233 1247
5234 129
5235 6909
5236 9545
5237 9922
5238 4502
5239 1568
5240 3240
5241 3617
5242 3012
5243 9731
5244 4440
5245 7277
5246 3619
5247 3131
5248 5526
5249 8554
5250 8503
5251 2417
5252 3576
5253 5960
5254 8592
5255 1114
5256 5162
5257 6332
5258 6477
5259 2527
5260 5253
5261 1333
5262 3755
5263 1121
5264 8304
5265 431
5266 6701
5267 6818
5268 6989
5269 248
5270 2456
5271 5718
5272 4574
5273 288
5274 3745
5275 3435
5276 6743
5277 5391
5278 5801
5279 1653
5280 5439
5281 2034
5282 2129
5283 1864
5284 206
5285 9867
5286 5429
5287 908
5288 2680
5289 9032
5290 1769
5291 3143
5292 3390
5293 2087
5294 6163
5295 1942
5296 9874
5297 1934
5298 1459
5299 4034
5300 580
5301 6754
5302 6038
5303 5285
5304 6070
5305 2750
5306 7723
5307 3313
5308 2300
5309 5086
5310 4342
5311 9759
5312 570
5313 4867
5314 6951
5315 3317
5316 9295
5317 1982
5318 931
5319 8424
5320 4911
5321 5796
5322 4183
5323 8025
5324 8527
5325 9300
5326 2396
5327 2600
5328 4059
5329 1902
5330 3547
5331 4861
5332 4000
5333 1852
5334 1033
5335 8696
5336 5856
5337 6675
5338 5662
5339 7427
5340 2173
5341 2227
5342 8665
5343 7488
5344 4610
5345 1999
5346 2610
5347 8508
5348 4984
5349 2900
5350 2645
5351 7907
5352 946
5353 3023
5354 9121
5355 4688
5356 2621
5357 8046
5358 6774
5359 6819
5360 396
5361 5133
5362 9292
5363 376
5364 1608
5365 9465
5366 5735
5367 8733
5368 3845
5369 8318
5370 7395
5371 2575
5372 6170
5373 3456
5374 6241
5375 2777
5376 7138
5377 6610
5378 3378
5379 6525
5380 6641
5381 3839
5382 7514
5383 1130
5384 9269
5385 5583
5386 3938
5387 953
5388 2744
5389 6250
5390 6036
5391 7813
5392 9915
5393 8853
5394 7017
5395 6890
5396 2892
5397 8305
5398 5917
5399 5148
5400 6115
5401 3841
5402 4613
5403 6672
5404 5434
5405 89
5406 1739
5407 7446
5408 6686
5409 6237
5410 7531
5411 5902
5412 4618
5413 247
5414 173
5415 6513
5416 7594
5417 8134
5418 1124
5419 5893
5420 5454
5421 4783
5422 5954
5423 7509
5424 2272
5425 9586
5426 2651
5427 7366
5428 6353
5429 9396
5430 9875
5431 8894
5432 705
5433 8194
5434 386
5435 2833
5436 9231
5437 825
5438 5608
5439 9193
5440 3931
5441 6408
5442 4228
5443 6369
5444 8741
5445 154
5446 3199
5447 9664
5448 8669
5449 511
5450 9314
5451 4737
5452 7120
5453 26
5454 9685
5455 1375
5456 7818
5457 7078
5458 4488
5459 5865
5460 7426
5461 4304
5462 1039
5463 7317
5464 6354
5465 8676
5466 5189
5467 6409
5468 9855
5469 7283
5470 7325
5471 6771
5472 2506
5473 2024
5474 2061
5475 9093
5476 583
5477 9564
5478 8795
5479 2136
5480 6325
5481 2950
5482 8720
5483 5874
5484 88
5485 5051
5486 1778
5487 679
5488 8500
5489 9049
5490 4951
5491 2146
5492 6260
5493 9738
5494 1744
5495 9635
5496 5359
5497 6848
5498 17
5499 73
5500 4870
5501 6667
5502 9792
5503 1346
5504 3153
5505 2520
5506 2358
5507 5120
5508 8007
5509 652
5510 793
5511 8303
5512 8325
5513 2473
5514 9526
5515 4474
5516 5515
5517 5080
5518 7230
5519 1319
5520 6918
5521 4543
5522 7942
5523 850
5524 2386
5525 5218
5526 488
5527 2732
5528 281
5529 2418
5530 3592
5531 3682
5532 9560
5533 8727
5534 7134
5535 9667
5536 3161
5537 7351
5538 2770
5539 7559
5540 2798
5541 6516
5542 2674
5543 7815
5544 8218
5545 6659
5546 3760
5547 3874
5548 226
5549 7177
5550 4067
5551 285
5552 9608
5553 8688
5554 3108
5555 341
5556 8747
5557 8990
5558 9058
5559 7845
5560 2047
5561 9590
5562 4857
5563 5604
5564 6981
5565 7066
5566 8729
5567 9585
5568 5214
5569 9830
5570 1344
5571 8197
5572 2416
5573 9668
5574 8531
5575 398
5576 1950
5577 133
5578 2660
5579 5573
5580 1509
5581 6562
5582 2532
5583 3064
5584 8323
5585 3337
5586 4099
5587 857
5588 5577
5589 6791
5590 917
5591 4197
5592 8377
5593 4854
5594 5546
5595 3229
5596 1697
5597 6958
5598 823
5599 1094
5600 7949
5601 4194
5602 8611
5603 388
5604 5825
5605 5817
5606 7889
5607 9932
5608 172
5609 2716
5610 8446
5611 8626
5612 6244
5613 3373
5614 6309
5615 5326
5616 7044
5617 1860
5618 7300
5619 3660
5620 2995
5621 7848
5622 3947
5623 8448
5624 8945
5625 7114
5626 9817
5627 7443
5628 4079
5629 5257
5630 8731
5631 4853
5632 9317
5633 1564
5634 7613
5635 7254
5636 7976
5637 2175
5638 7171
5639 2485
5640 5375
5641 4154
5642 690
5643 2909
5644 8399
5645 2352
5646 7865
5647 4939
5648 8513
5649 221
5650 6074
5651 9825
5652 9665
5653 7112
5654 8115
5655 102
5656 249
5657 183
5658 1471
5659 8722
5660 5987
5661 443
5662 5812
5663 4835
5664 3969
5665 3522
5666 9344
5667 4728
5668 5702
5669 9120
5670 7359
5671 4934
5672 4589
5673 4855
5674 8258
5675 8847
5676 7157
5677 1016
5678 57
5679 6571
5680 9277
5681 4831
5682 9002
5683 3843
5684 9210
5685 8915
5686 5169
5687 2215
5688 3420
5689 7524
5690 7009
5691 7784
5692 646
5693 8477
5694 6345
5695 4945
5696 8319
5697 5793
5698 8986
5699 4825
5700 2954
5701 3129
5702 9272
5703 9455
5704 2823
5705 1158
5706 5158
5707 4738
5708 8907
5709 9293
5710 2902
5711 9244
5712 136
5713 4816
5714 9491
5715 1177
5716 1491
5717 2063
5718 5646
5719 5025
5720 8334
5721 7145
5722 1340
5723 8181
5724 2082
5725 9579
5726 4325
5727 6091
5728 8486
5729 3262
5730 542
5731 1348
5732 2142
5733 5149
5734 3634
5735 6060
5736 5552
5737 9534
5738 1007
5739 7991
5740 3665
5741 448
5742 3267
5743 4155
5744 4604
5745 7799
5746 7643
5747 5766
5748 9034
5749 5181
5750 3490
5751 6235
5752 164
5753 3866
5754 6483
5755 5750
5756 1828
5757 1053
5758 7376
5759 3261
5760 6812
5761 9103
5762 6233
5763 5582
5764 8725
5765 1598
5766 7104
5767 4894
5768 1171
5769 3341
5770 5511
5771 1996
5772 972
5773 7632
5774 1389
5775 7849
5776 3906
5777 7144
5778 3514
5779 4190
5780 1916
5781 8519
5782 7126
5783 3250
5784 9742
5785 4232
5786 1191
5787 8215
5788 8670
5789 7839
5790 4338
5791 4520
5792 2185
5793 7727
5794 1151
5795 4593
5796 4138
5797 7595
5798 5376
5799 3077
5800 700
5801 2763
5802 4590
5803 5591
5804 9654
5805 1587
5806 5265
5807 2514
5808 2522
5809 8644
5810 1922
5811 4575
5812 7495
5813 3223
5814 1385
5815 8339
5816 1941
5817 3044
5818 5839
5819 4482
5820 366
5821 8965
5822 6181
5823 3298
5824 9054
5825 1013
5826 9820
5827 3234
5828 6469
5829 6715
5830 3707
5831 6208
5832 1788
5833 450
5834 3472
5835 9157
5836 3884
5837 1546
5838 3560
5839 8200
5840 8942
5841 8714
5842 5681
5843 35
5844 5948
5845 9725
5846 6964
5847 8932
5848 6313
5849 2830
5850 2740
5851 1077
5852 1798
5853 929
5854 2720
5855 1807
5856 6467
5857 1317
5858 6573
5859 8631
5860 1765
5861 2159
5862 5922
5863 5695
5864 4881
5865 5553
5866 2859
5867 7042
5868 9709
5869 2327
5870 4425
5871 372
5872 9483
5873 7635
5874 5525
5875 1686
5876 3221
5877 6153
5878 7271
5879 9303
5880 4021
5881 920
5882 6805
5883 3657
5884 4037
5885 2656
5886 4497
5887 813
5888 7703
5889 1773
5890 2617
5891 2594
5892 4859
5893 4913
5894 6422
5895 6784
5896 2754
5897 9987
5898 5061
5899 383
5900 6829
5901 9938
5902 9226
5903 4106
5904 8404
5905 2405
5906 1659
5907 4081
5908 5298
5909 1049
5910 8562
5911 292
5912 4013
5913 7306
5914 4583
5915 791
5916 5205
5917 2349
5918 1748
5919 2339
5920 1075
5921 2120
5922 9352
5923 7975
5924 9656
5925 1906
5926 5424
5927 4504
5928 1199
5929 8757
5930 8911
5931 3236
5932 1099
5933 6895
5934 2458
5935 4086
5936 1784
5937 2733
5938 5226
5939 1701
5940 995
5941 445
5942 5407
5943 6631
5944 3181
5945 2366
5946 8568
5947 7512
5948 324
5949 5640
5950 1604
5951 462
5952 8300
5953 2822
5954 9311
5955 4775
5956 605
5957 1189
5958 4433
5959 6490
5960 6850
5961 7064
5962 2858
5963 6545
5964 2225
5965 5279
5966 9214
5967 7040
5968 4893
5969 556
5970 9105
5971 2559
5972 6960
5973 47
5974 1270
5975 650
5976 6549
5977 2671
5978 4795
5979 7311
5980 3299
5981 7899
5982 4199
5983 5475
5984 7166
5985 8437
5986 4906
5987 8301
5988 7603
5989 7578
5990 3459
5991 554
5992 8293
5993 8739
5994 4754
5995 3910
5996 7537
5997 8889
5998 4496
5999 7807
6000 3142
6001 1493
6002 2638
6003 9769
6004 6568
6005 9091
6006 3443
6007 8253
6008 1592
6009 8638
6010 8220
6011 7909
6012 6303
6013 7059
6014 3237
6015 8985
6016 2888
6017 7304
6018 9418
6019 3708
6020 390
6021 891
6022 9454
6023 7266
6024 7023
6025 8521
6026 4253
6027 8284
6028 5194
6029 7327
6030 3072
6031 7674
6032 8153
6033 6935
6034 4206
6035 1855
6036 5260
6037 4407
6038 8931
6039 8161
6040 4941
6041 6645
6042 6677
6043 9043
6044 9427
6045 5491
6046 4161
6047 1180
6048 5468
6049 5798
6050 999
6051 229
6052 9487
6053 770
6054 7425
6055 2307
6056 2114
6057 5254
6058 2726
6059 8108
6060 4759
6061 5134
6062 2983
6063 4195
6064 5510
6065 486
6066 9782
6067 9407
6068 2876
6069 1407
6070 3605
6071 8484
6072 8445
6073 1238
6074 8749
6075 3671
6076 4152
6077 433
6078 7880
6079 1543
6080 4346
6081 3058
6082 2751
6083 9429
6084 6283
6085 2835
6086 8251
6087 7332
6088 9536
6089 2006
6090 9758
6091 8
6092 1742
6093 806
6094 3349
6095 9779
6096 3683
6097 2558
6098 3425
6099 8947
6100 5707
6101 4746
6102 8315
6103 4109
6104 2257
6105 2569
6106 1836
6107 8237
6108 2085
6109 3743
6110 8087
6111 1660
6112 7375
6113 1192
6114 3732
6115 1777
6116 2475
6117 3564
6118 7824
6119 2727
6120 2302
6121 2472
6122 9854
6123 916
6124 1675
6125 3602
6126 6734
6127 7592
6128 7856
6129 9000
6130 9992
6131 1670
6132 6940
6133 9027
6134 5740
6135 9566
6136 4719
6137 8629
6138 7175
6139 3793
6140 1036
6141 18
6142 5281
6143 5734
6144 3865
6145 8154
6146 2616
6147 507
6148 7010
6149 1668
6150 7321
6151 125
6152 4627
6153 717
6154 6626
6155 3300
6156 4889
6157 7349
6158 2516
6159 8575
6160 5724
6161 4153
6162 349
6163 3066
6164 3751
6165 6388
6166 4596
6167 8426
6168 5361
6169 4185
6170 6925
6171 3795
6172 6306
6173 4058
6174 1712
6175 2288
6176 7071
6177 4097
6178 7003
6179 3468
6180 1021
6181 6211
6182 584
6183 6180
6184 1639
6185 9872
6186 6922
6187 6207
6188 2360
6189 2504
6190 4602
6191 7357
6192 6090
6193 8637
6194 8031
6195 6853
6196 9662
6197 2318
6198 2057
6199 7394
6200 3492
6201 4172
6202 5038
6203 2845
6204 4625
6205 3527
6206 3715
6207 621
6208 9096
6209 4432
6210 6136
6211 830
6212 329
6213 9028
6214 7502
6215 9498
6216 3567
6217 4096
6218 1472
6219 3887
6220 9499
6221 8375
6222 6051
6223 2945
6224 9557
6225 9587
6226 7615
6227 7694
6228 5964
6229 4753
6230 2588
6231 4817
6232 2160
6233 9625
6234 9983
6235 6815
6236 1185
6237 7669
6238 1622
6239 8048
6240 6078
6241 6279
6242 7189
6243 7835
6244 6200
6245 3803
6246 7012
6247 7132
6248 1086
6249 8565
6250 3293
6251 5516
6252 787
6253 8117
6254 7901
6255 5097
6256 8070
6257 2190
6258 3307
6259 5045
6260 5855
6261 5958
6262 4579
6263 4266
6264 1925
6265 1358
6266 8728
6267 707
6268 9045
6269 680
6270 8308
6271 5829
6272 2542
6273 3401
6274 7718
6275 3157
6276 1131
6277 8250
6278 6640
6279 5703
6280 2555
6281 485
6282 6579
6283 7421
6284 1499
6285 6938
6286 4055
6287 3990
6288 1734
6289 4813
6290 8782
6291 9106
6292 4388
6293 6439
6294 2216
6295 141
6296 1770
6297 2953
6298 5939
6299 4872
6300 5032
6301 6290
6302 8165
6303 428
6304 264
6305 7397
6306 3062
6307 7355
6308 351
6309 4743
6310 4007
6311 9814
6312 5384
6313 7539
6314 2592
6315 5348
6316 9390
6317 7131
6318 2771
6319 4865
6320 7272
6321 4701
6322 9053
6323 4157
6324 1946
6325 9261
6326 1477
6327 5971
6328 1246
6329 7587
6330 1436
6331 8182
6332 2319
6333 1827
6334 661
6335 6106
6336 2382
6337 6140
6338 7164
6339 4074
6340 3915
6341 6614
6342 3607
6343 6875
6344 834
6345 8994
6346 3587
6347 6786
6348 3922
6349 6705
6350 754
6351 4535
6352 196
6353 1063
6354 7548
6355 331
6356 7302
6357 3993
6358 8532
6359 1014
6360 5911
6361 7007
6362 6063
6363 2735
6364 3344
6365 5777
6366 7532
6367 3628
6368 6879
6369 6328
6370 3076
6371 3175
6372 9974
6373 8707
6374 965
6375 647
6376 1097
6377 2164
6378 3330
6379 2937
6380 5561
6381 4603
6382 2153
6383 4485
6384 6824
6385 6840
6386 7969
6387 1170
6388 4193
6389 330
6390 8836
6391 8348
6392 7636
6393 6099
6394 8119
6395 6837
6396 549
6397 902
6398 3534
6399 4962
6400 1390
6401 9959
6402 9912
6403 7490
6404 3645
6405 7560
6406 4553
6407 1492
6408 111
6409 6908
6410 9247
6411 5188
6412 655
6413 5529
6414 5352
6415 1304
6416 4927
6417 1656
6418 5826
6419 6430
6420 7800
6421 6320
6422 9480
6423 6542
6424 7533
6425 4696
6426 5426
6427 3807
6428 606
6429 4107
6430 119
6431 208
6432 8552
6433 8341
6434 1585
6435 5614
6436 4686
6437 4540
6438 842
6439 9287
6440 2346
6441 6458
6442 1056
6443 7213
6444 1096
6445 3568
6446 7637
6447 2163
6448 746
6449 6757
6450 1952
6451 8943
6452 4996
6453 7032
6454 7140
6455 4958
6456 490
6457 3325
6458 9962
6459 8955
6460 2179
6461 760
6462 887
6463 5949
6464 6795
6465 9065
6466 6648
6467 2375
6468 4043
6469 9741
6470 6534
6471 399
6472 771
6473 6559
6474 4196
6475 1329
6476 5263
6477 2265
6478 5417
6479 3979
6480 7022
6481 3369
6482 3056
6483 3785
6484 2263
6485 1184
6486 5112
6487 1483
6488 1146
6489 6511
6490 5116
6491 1409
6492 4570
6493 1960
6494 7117
6495 1538
6496 5565
6497 5037
6498 424
6499 2156
6500 6861
6501 5308
6502 8065
6503 985
6504 222
6505 1524
6506 8143
6507 8435
6508 2863
6509 5800
6510 9678
6511 8295
6512 7820
6513 5942
6514 1899
6515 8726
6516 7657
6517 7045
6518 3772
6519 5593
6520 3844
6521 5171
6522 1159
6523 7447
6524 4556
6525 5122
6526 5760
6527 8888
6528 9477
6529 2690
6530 5665
6531 231
6532 1831
6533 3366
6534 7052
6535 1743
6536 5264
6537 2128
6538 3558
6539 706
6540 3052
6541 6692
6542 8603
6543 5268
6544 6834
6545 6855
6546 3529
6547 8618
6548 58
6549 8412
6550 3808
6551 8547
6552 1290
6553 4744
6554 8244
6555 1699
6556 4189
6557 598
6558 6348
6559 5003
6560 5664
6561 9285
6562 9013
6563 193
6564 142
6565 9471
6566 6438
6567 4455
6568 8909
6569 168
6570 3406
6571 5594
6572 3482
6573 3079
6574 2609
6575 7092
6576 6569
6577 5808
6578 615
6579 7649
6580 1658
6581 7156
6582 8829
6583 1040
6584 8880
6585 7136
6586 8969
6587 6956
6588 5095
6589 5367
6590 7474
6591 4675
6592 5598
6593 8543
6594 4954
6595 3781
6596 7733
6597 8417
6598 5132
6599 7378
6600 393
6601 9122
6602 9712
6603 9885
6604 4947
6605 8174
6606 4995
6607 8225
6608 2255
6609 1105
6610 5002
6611 8353
6612 9973
6613 8715
6614 3414
6615 8526
6616 439
6617 7890
6618 1321
6619 2957
6620 525
6621 9497
6622 9338
6623 3451
6624 2667
6625 8695
6626 9999
6627 4932
6628 8082
6629 8787
6630 9371
6631 8217
6632 668
6633 3216
6634 7256
6635 2572
6636 7430
6637 8976
6638 6012
6639 695
6640 2192
6641 716
6642 4779
6643 4035
6644 377
6645 9206
6646 4703
6647 6886
6648 5059
6649 6419
6650 3352
6651 9838
6652 7048
6653 2279
6654 6857
6655 899
6656 9743
6657 6178
6658 7197
6659 6232
6660 8177
6661 83
6662 140
6663 3403
6664 1805
6665 6800
6666 7631
6667 6727
6668 1428
6669 883
6670 1048
6671 1510
6672 1888
6673 629
6674 835
6675 9785
6676 4638
6677 5246
6678 3092
6679 3462
6680 3943
6681 3067
6682 9848
6683 1645
6684 5371
6685 9511
6686 1106
6687 8455
6688 6257
6689 6327
6690 2789
6691 1201
6692 1746
6693 9752
6694 2551
6695 2126
6696 591
6697 1393
6698 2315
6699 3519
6700 1506
6701 7956
6702 5455
6703 4224
6704 5357
6705 1901
6706 7977
6707 6397
6708 1387
6709 7049
6710 6155
6711 4437
6712 3170
6713 3733
6714 2394
6715 5052
6716 219
6717 8528
6718 7968
6719 2323
6720 5678
6721 9250
6722 452
6723 4977
6724 8093
6725 9842
6726 9778
6727 2154
6728 8123
6729 8772
6730 9241
6731 3282
6732 3034
6733 9559
6734 2032
6735 5927
6736 7529
6737 5574
6738 6126
6739 3539
6740 1525
6741 4624
6742 7026
6743 9255
6744 177
6745 8350
6746 8043
6747 7918
6748 7387
6749 7386
6750 1882
6751 2127
6752 3392
6753 9991
6754 7791
6755 2328
6756 7483
6757 481
6758 6075
6759 5507
6760 2137
6761 5862
6762 8357
6763 2632
6764 7840
6765 2927
6766 1408
6767 3582
6768 1809
6769 6308
6770 7506
6771 4561
6772 2384
6773 4414
6774 753
6775 1041
6776 2220
6777 1216
6778 4828
6779 9745
6780 1846
6781 1880
6782 4631
6783 699
6784 6885
6785 7121
6786 9884
6787 3045
6788 1768
6789 9704
6790 8453
6791 7041
6792 9500
6793 631
6794 1498
6795 5545
6796 6262
6797 4435
6798 1351
6799 7195
6800 6901
6801 4426
6802 6111
6803 1026
6804 9871
6805 7214
6806 9724
6807 9017
6808 9260
6809 6728
6810 122
6811 6230
6812 5586
6813 6311
6814 3736
6815 223
6816 1222
6817 7607
6818 5653
6819 719
6820 3043
6821 8365
6822 1933
6823 2115
6824 7896
6825 457
6826 5049
6827 1738
6828 2933
6829 5104
6830 4687
6831 7667
6832 9868
6833 7581
6834 2811
6835 7340
6836 5619
6837 3611
6838 821
6839 9660
6840 7393
6841 907
6842 3816
6843 4917
6844 9606
6845 2211
6846 1449
6847 3113
6848 6849
6849 1257
6850 4367
6851 8667
6852 8755
6853 632
6854 4174
6855 8584
6856 2578
6857 4117
6858 3110
6859 9434
6860 2217
6861 8022
6862 5992
6863 4084
6864 2097
6865 2439
6866 6355
6867 8006
6868 3540
6869 6319
6870 4542
6871 7549
6872 6788
6873 5981
6874 3294
6875 2203
6876 4508
6877 6905
6878 2488
6879 5741
6880 9067
6881 2037
6882 4793
6883 1719
6884 773
6885 6015
6886 8996
6887 9266
6888 3423
6889 4238
6890 4792
6891 1563
6892 539
6893 1410
6894 7472
6895 9408
6896 4846
6897 9734
6898 2899
6899 7173
6900 5692
6901 3411
6902 9556
6903 492
6904 6652
6905 6742
6906 1879
6907 2742
6908 7294
6909 2093
6910 4056
6911 5560
6912 1720
6913 7286
6914 394
6915 176
6916 3225
6917 4355
6918 3286
6919 5934
6920 3430
6921 7160
6922 4554
6923 9333
6924 1605
6925 3015
6926 7020
6927 5365
6928 8516
6929 3908
6930 7228
6931 4757
6932 4038
6933 5190
6934 64
6935 5542
6936 2478
6937 4326
6938 4938
6939 4006
6940 4214
6941 6150
6942 1949
6943 1401
6944 191
6945 9235
6946 9853
6947 3213
6948 993
6949 7296
6950 6108
6951 522
6952 6387
6953 6903
6954 3749
6955 8551
6956 8852
6957 225
6958 8950
6959 3654
6960 9710
6961 6351
6962 4213
6963 3417
6964 4727
6965 9286
6966 1626
6967 6367
6968 7240
6969 4770
6970 7682
6971 8901
6972 9404
6973 9309
6974 1800
6975 7187
6976 5231
6977 3197
6978 9176
6979 2412
6980 3178
6981 3852
6982 4398
6983 1167
6984 7689
6985 6707
6986 8349
6987 7055
6988 1489
6989 1527
6990 6709
6991 2266
6992 5343
6993 1295
6994 4285
6995 7760
6996 2062
6997 8482
6998 6575
6999 923
7000 7582
7001 3415
7002 5879
7003 6141
7004 9609
7005 7246
7006 1117
7007 7129
7008 5127
7009 6502
7010 3260
7011 5611
7012 1076
7013 6518
7014 515
7015 5814
7016 2064
7017 3027
7018 5658
7019 8000
7020 918
7021 4479
7022 4922
7023 5738
7024 8035
7025 5467
7026 3463
7027 8079
7028 4960
7029 3959
7030 5161
7031 6770
7032 6514
7033 8216
7034 4702
7035 9732
7036 7905
7037 8213
7038 1611
7039 447
7040 5564
7041 1165
7042 1962
7043 4899
7044 8256
7045 1081
7046 1104
7047 8857
7048 785
7049 8430
7050 5751
7051 9005
7052 2782
7053 8616
7054 9
7055 3127
7056 8476
7057 159
7058 8168
7059 4094
7060 3794
7061 3041
7062 2218
7063 1211
7064 1322
7065 6383
7066 9146
7067 2878
7068 1850
7069 759
7070 7893
7071 3787
7072 1476
7073 5192
7074 2431
7075 9740
7076 2606
7077 22
7078 7486
7079 6914
7080 4386
7081 4597
7082 7244
7083 6540
7084 8170
7085 6187
7086 4042
7087 7906
7088 8205
7089 1663
7090 1268
7091 7749
7092 53
7093 7451
7094 6595
7095 2593
7096 9059
7097 696
7098 3583
7099 1838
7100 2049
7101 8239
7102 6986
7103 32
7104 501
7105 2036
7106 7461
7107 7493
7108 6151
7109 252
7110 551
7111 8458
7112 2642
7113 1207
7114 9681
7115 9203
7116 5730
7117 5517
7118 3040
7119 5024
7120 2462
7121 1155
7122 4642
7123 190
7124 9505
7125 145
7126 3744
7127 3988
7128 8607
7129 9809
7130 732
7131 1929
7132 6339
7133 5690
7134 4918
7135 6100
7136 7568
7137 7219
7138 6034
7139 6110
7140 8767
7141 6446
7142 1761
7143 7919
7144 1064
7145 2810
7146 5111
7147 8827
7148 7753
7149 7441
7150 6764
7151 3424
7152 7605
7153 8550
7154 9395
7155 832
7156 3525
7157 6811
7158 537
7159 359
7160 8234
7161 3487
7162 8949
7163 6331
7164 9525
7165 8653
7166 2102
7167 6867
7168 6199
7169 3506
7170 1594
7171 8507
7172 9502
7173 6842
7174 6239
7175 5882
7176 9466
7177 6693
7178 9147
7179 6627
7180 4935
7181 4901
7182 6124
7183 1127
7184 3006
7185 7253
7186 4241
7187 7836
7188 6288
7189 4114
7190 2636
7191 757
7192 6687
7193 5683
7194 7923
7195 5209
7196 7540
7197 5270
7198 8440
7199 2468
7200 767
7201 8282
7202 2586
7203 4276
7204 5870
7205 8314
7206 3942
7207 765
7208 2293
7209 3442
7210 1383
7211 6775
7212 7701
7213 3847
7214 5335
7215 3284
7216 7267
7217 7744
7218 3362
7219 2273
7220 4402
7221 4167
7222 562
7223 2202
7224 896
7225 788
7226 1816
7227 3754
7228 8946
7229 1032
7230 8359
7231 4124
7232 8316
7233 6625
7234 5857
7235 6656
7236 2420
7237 1966
7238 5172
7239 4672
7240 3342
7241 3448
7242 5576
7243 2890
7244 2748
7245 5767
7246 3008
7247 2869
7248 325
7249 4622
7250 7915
7251 9780
7252 1986
7253 6148
7254 7996
7255 6551
7256 7672
7257 418
7258 3358
7259 5063
7260 6487
7261 182
7262 1887
7263 1187
7264 5053
7265 7209
7266 8512
7267 1054
7268 7927
7269 8687
7270 912
7271 5332
7272 2584
7273 8654
7274 8872
7275 943
7276 8556
7277 7610
7278 9422
7279 5047
7280 7738
7281 8910
7282 3432
7283 4261
7284 3099
7285 8559
7286 2246
7287 2144
7288 8656
7289 9318
7290 9026
7291 2001
7292 8557
7293 114
7294 8195
7295 3188
7296 1650
7297 4420
7298 7754
7299 5437
7300 7248
7301 2000
7302 4886
7303 1672
7304 3724
7305 2582
7306 7199
7307 3280
7308 7320
7309 7031
7310 8041
7311 81
7312 1003
7313 8291
7314 7305
7315 7593
7316 6685
7317 7557
7318 8096
7319 6512
7320 5017
7321 6360
7322 2446
7323 8652
7324 9696
7325 8995
7326 6804
7327 2489
7328 461
7329 5644
7330 9347
7331 4110
7332 9844
7333 3909
7334 7767
7335 5771
7336 3974
7337 1849
7338 514
7339 552
7340 1309
7341 8926
7342 4678
7343 1634
7344 1244
7345 8940
7346 937
7347 284
7348 2761
7349 572
7350 6381
7351 4023
7352 6278
7353 1232
7354 432
7355 866
7356 9561
7357 6202
7358 1974
7359 4764
7360 5680
7361 4749
7362 2812
7363 1714
7364 7683
7365 3928
7366 217
7367 7077
7368 464
7369 1556
7370 3620
7371 4884
7372 7051
7373 7521
7374 5184
7375 6097
7376 1741
7377 809
7378 7371
7379 777
7380 7999
7381 6519
7382 9684
7383 9902
7384 9259
7385 5269
7386 7741
7387 8608
7388 3461
7389 6904
7390 6189
7391 7661
7392 9880
7393 5674
7394 4796
7395 6488
7396 6032
7397 3049
7398 3856
7399 7280
7400 8700
7401 3827
7402 9795
7403 1220
7404 6871
7405 1555
7406 6889
7407 8785
7408 5961
7409 4273
7410 9202
7411 8740
7412 8881
7413 1129
7414 6739
7415 9194
7416 5046
7417 2905
7418 2480
7419 2454
7420 6092
7421 1638
7422 3593
7423 3512
7424 5219
7425 5905
7426 4997
7427 1371
7428 2737
7429 8709
7430 84
7431 8642
7432 6911
7433 85
7434 2151
7435 4173
7436 6703
7437 8469
7438 2990
7439 7654
7440 8397
7441 9033
7442 2620
7443 9239
7444 7737
7445 7478
7446 8856
7447 8735
7448 8970
7449 5623
7450 1440
7451 3176
7452 616
7453 1458
7454 1161
7455 7063
7456 212
7457 6212
7458 5914
7459 950
7460 6436
7461 5501
7462 6007
7463 7252
7464 4187
7465 528
7466 1841
7467 8791
7468 9100
7469 2615
7470 2450
7471 6582
7472 9918
7473 4691
7474 4031
7475 7127
7476 9037
7477 4399
7478 5727
7479 7720
7480 7070
7481 6234
7482 2476
7483 7030
7484 7234
7485 6876
7486 8018
7487 5440
7488 8934
7489 4946
7490 3971
7491 467
7492 2538
7493 2099
7494 1204
7495 2829
7496 2931
7497 5255
7498 4976
7499 7207
7500 5671
7501 68
7502 9683
7503 6275
7504 3259
7505 4771
7506 3254
7507 5837
7508 7398
7509 4009
7510 8109
7511 5752
7512 520
7513 8202
7514 3848
7515 198
7516 3119
7517 9029
7518 27
7519 7239
7520 2524
7521 6249
7522 9878
7523 4071
7524 8622
7525 1981
7526 4120
7527 7852
7528 3508
7529 1182
7530 4218
7531 3667
7532 9413
7533 8514
7534 2104
7535 7004
7536 6560
7537 6042
7538 3798
7539 2509
7540 3639
7541 2212
7542 8060
7543 4873
7544 6860
7545 8185
7546 9957
7547 4308
7548 8187
7549 1001
7550 9708
7551 3948
7552 5233
7553 7705
7554 4709
7555 9423
7556 186
7557 5579
7558 7664
7559 1316
7560 673
7561 5314
7562 2395
7563 6168
7564 9771
7565 4395
7566 6335
7567 2058
7568 6093
7569 6769
7570 3565
7571 6965
7572 5130
7573 7513
7574 3585
7575 338
7576 8254
7577 4937
7578 7139
7579 446
7580 2028
7581 9808
7582 9689
7583 2544
7584 1474
7585 276
7586 8407
7587 1687
7588 3740
7589 2659
7590 6843
7591 964
7592 8398
7593 2521
7594 1840
7595 8311
7596 9787
7597 1859
7598 5065
7599 2515
7600 1822
7601 7925
7602 8159
7603 1376
7604 7401
7605 2713
7606 8769
7607 7699
7608 4121
7609 4405
7610 1144
7611 5151
7612 8463
7613 7226
7614 9353
7615 849
7616 5628
7617 9826
7618 4732
7619 9520
7620 5965
7621 4705
7622 8249
7623 3493
7624 9936
7625 2624
7626 8621
7627 2704
7628 5709
7629 5266
7630 544
7631 6352
7632 9845
7633 4647
7634 8662
7635 4039
7636 1713
7637 8330
7638 5033
7639 8761
7640 1523
7641 663
7642 7482
7643 9355
7644 1500
7645 1715
7646 2554
7647 1108
7648 3154
7649 944
7650 2643
7651 9964
7652 7008
7653 5558
7654 6413
7655 6983
7656 9701
7657 4600
7658 1450
7659 4799
7660 4089
7661 6027
7662 2043
7663 8810
7664 3881
7665 4685
7666 5295
7667 3750
7668 8602
7669 5261
7670 9219
7671 7318
7672 4714
7673 5966
7674 7987
7675 5292
7676 7193
7677 8928
7678 2076
7679 8274
7680 93
7681 7466
7682 9551
7683 4767
7684 2702
7685 577
7686 9388
7687 4246
7688 8231
7689 1671
7690 4317
7691 6985
7692 6845
7693 255
7694 4637
7695 5377
7696 8668
7697 8710
7698 5398
7699 6714
7700 6269
7701 8752
7702 2552
7703 7803
7704 1813
7705 5217
7706 5154
7707 1030
7708 7569
7709 1112
7710 9786
7711 808
7712 2639
7713 3195
7714 4692
7715 6539
7716 6486
7717 7169
7718 6059
7719 3312
7720 5311
7721 1084
7722 5493
7723 6928
7724 982
7725 2209
7726 475
7727 4484
7728 1331
7729 2595
7730 6623
7731 8522
7732 3440
7733 5210
7734 1977
7735 1330
7736 4942
7737 1753
7738 3013
7739 7389
7740 5312
7741 8338
7742 6586
7743 7065
7744 1868
7745 3489
7746 4394
7747 3670
7748 5460
7749 8103
7750 8927
7751 1485
7752 2611
7753 2200
7754 1397
7755 5176
7756 3224
7757 5500
7758 6807
7759 9624
7760 4761
7761 702
7762 9702
7763 4993
7764 4438
7765 1277
7766 7324
7767 7328
7768 1242
7769 3397
7770 1635
7771 4794
7772 4160
7773 8705
7774 7922
7775 6992
7776 4450
7777 8449
7778 5077
7779 7457
7780 7696
7781 6747
7782 9030
7783 3243
7784 3643
7785 5146
7786 5889
7787 1303
7788 3857
7789 6658
7790 8126
7791 9452
7792 4838
7793 3386
7794 2646
7795 4623
7796 8614
7797 1636
7798 2665
7799 564
7800 6085
7801 7005
7802 2483
7803 2169
7804 6449
7805 4091
7806 7259
7807 3879
7808 4181
7809 4356
7810 752
7811 4730
7812 416
7813 9368
7814 1930
7815 7988
7816 1757
7817 6426
7818 1363
7819 9279
7820 5303
7821 6001
7822 3471
7823 4519
7824 5236
7825 2230
7826 9953
7827 762
7828 6028
7829 3283
7830 8428
7831 2856
7832 5755
7833 4555
7834 1341
7835 685
7836 4344
7837 6851
7838 6691
7839 9595
7840 7866
7841 2108
7842 7095
7843 9513
7844 5906
7845 3338
7846 9060
7847 5461
7848 1535
7849 4585
7850 2943
7851 2196
7852 233
7853 3380
7854 5152
7855 109
7856 3536
7857 7874
7858 6778
7859 4327
7860 4126
7861 6494
7862 7774
7863 895
7864 5898
7865 7863
7866 9019
7867 5789
7868 7994
7869 1195
7870 3625
7871 4803
7872 9739
7873 1826
7874 1355
7875 3297
7876 8952
7877 3991
7878 8598
7879 1987
7880 3163
7881 4424
7882 9281
7883 1460
7884 340
7885 6221
7886 2655
7887 2441
7888 9405
7889 1229
7890 7099
7891 6377
7892 76
7893 2445
7894 5394
7895 1352
7896 4239
7897 6154
7898 3542
7899 8051
7900 4366
7901 3189
7902 7469
7903 319
7904 954
7905 8131
7906 2427
7907 8457
7908 2091
7909 1944
7910 1173
7911 9577
7912 9320
7913 4842
7914 1166
7915 9691
7916 7241
7917 6292
7918 571
7919 9651
7920 5206
7921 6532
7922 6386
7923 6736
7924 4078
7925 7179
7926 4721
7927 7303
7928 6272
7929 6
7930 9110
7931 2709
7932 425
7933 548
7934 7536
7935 9971
7936 6897
7937 8975
7938 487
7939 2278
7940 3889
7941 4176
7942 363
7943 7454
7944 69
7945 7527
7946 7116
7947 5143
7948 1217
7949 5720
7950 4085
7951 7855
7952 5625
7953 3907
7954 2799
7955 7756
7956 6681
7957 727
7958 6174
7959 3727
7960 3347
7961 5005
7962 2180
7963 2088
7964 2825
7965 8488
7966 9184
7967 8766
7968 7251
7969 1198
7970 2764
7971 8356
7972 5822
7973 8351
7974 5726
7975 1057
7976 6142
7977 9010
7978 6669
7979 6468
7980 78
7981 9576
7982 6054
7983 581
7984 5883
7985 1175
7986 6988
7987 6471
7988 7698
7989 9766
7990 3252
7991 6138
7992 2703
7993 6694
7994 8869
7995 8859
7996 2130
7997 8344
7998 4614
7999 1616
8000 8419
8001 8389
8002 7873
8003 29
8004 2981
8005 5701
8006 2074
8007 7285
8008 8156
8009 1776
8010 1625
8011 7725
8012 4008
8013 9727
8014 3662
8015 3776
8016 8966
8017 1574
8018 6049
8019 1690
8020 1456
8021 2652
8022 1011
8023 7481
8024 7929
8025 6517
8026 5601
8027 9171
8028 9490
8029 6882
8030 9052
8031 7844
8032 4316
8033 5094
8034 8106
8035 1728
8036 1710
8037 6037
8038 7546
8039 195
8040 9197
8041 9695
8042 8379
8043 5967
8044 8192
8045 5428
8046 2256
8047 2951
8048 3048
8049 5027
8050 9913
8051 527
8052 2286
8053 2989
8054 137
8055 5745
8056 7315
8057 378
8058 2134
8059 6365
8060 92
8061 2879
8062 7817
8063 1219
8064 2725
8065 3697
8066 3439
8067 8871
8068 1669
8069 2052
8070 2178
8071 2834
8072 3957
8073 5873
8074 2523
8075 1791
8076 4267
8077 4966
8078 9340
8079 2508
8080 4353
8081 2701
8082 6025
8083 4391
8084 6954
8085 8492
8086 5600
8087 1310
8088 4967
8089 2368
8090 4332
8091 1286
8092 4029
8093 1143
8094 112
8095 6209
8096 1891
8097 7113
8098 3288
8099 4461
8100 2090
8101 3334
8102 1324
8103 1046
8104 2948
8105 7034
8106 6521
8107 6247
8108 512
8109 8394
8110 1539
8111 2388
8112 1037
8113 9600
8114 2139
8115 7365
8116 6780
8117 3431
8118 4217
8119 4223
8120 8059
8121 2193
8122 3840
8123 9330
8124 7619
8125 824
8126 8820
8127 2802
8128 5769
8129 6149
8130 9886
8131 7093
8132 1764
8133 4827
8134 441
8135 998
8136 1359
8137 4964
8138 1454
8139 9937
8140 1969
8141 9354
8142 811
8143 6576
8144 792
8145 2050
8146 242
8147 4413
8148 9117
8149 2717
8150 9472
8151 8420
8152 2906
8153 9114
8154 6346
8155 9898
8156 9503
8157 2068
8158 3383
8159 2194
8160 8260
8161 3741
8162 502
8163 4289
8164 8498
8165 4384
8166 618
8167 6129
8168 9190
8169 1050
8170 5990
8171 1844
8172 2051
8173 4290
8174 2357
8175 8716
8176 1323
8177 7184
8178 8524
8179 5624
8180 587
8181 4382
8182 3706
8183 3106
8184 6718
8185 1481
8186 4200
8187 2668
8188 8442
8189 553
8190 1544
8191 9372
8192 1652
8193 9326
8194 1723
8195 8169
8196 8851
8197 6480
8198 8140
8199 6333
8200 1377
8201 4053
8202 5221
8203 7998
8204 6624
8205 7614
8206 6349
8207 8625
8208 6720
8209 7642
8210 8578
8211 2337
8212 3467
8213 7684
8214 1584
8215 3849
8216 37
8217 7363
8218 7487
8219 6980
8220 199
8221 7938
8222 7730
8223 8610
8224 9547
8225 6633
8226 192
8227 2695
8228 2618
8229 4129
8230 9883
8231 4777
8232 9126
8233 2182
8234 4294
8235 6497
8236 9166
8237 5675
8238 6361
8239 9151
8240 5012
8241 5512
8242 5849
8243 739
8244 2011
8245 9273
8246 5816
8247 3877
8248 7722
8249 7792
8250 8147
8251 1452
8252 9035
8253 1089
8254 6135
8255 3402
8256 6214
8257 6607
8258 8479
8259 9993
8260 7433
8261 3712
8262 5983
8263 2650
8264 7773
8265 3752
8266 3207
8267 1367
8268 3429
8269 4968
8270 4690
8271 4318
8272 957
8273 8422
8274 2017
8275 4582
8276 2138
8277 6973
8278 6599
8279 300
8280 820
8281 6242
8282 4888
8283 4736
8284 5953
8285 8447
8286 5768
8287 7958
8288 5871
8289 876
8290 260
8291 2497
8292 7203
8293 6370
8294 1678
8295 1312
8296 9553
8297 3263
8298 2930
8299 8199
8300 6004
8301 4472
8302 442
8303 2749
8304 3088
8305 3817
8306 476
8307 585
8308 9178
8309 1621
8310 1342
8311 9283
8312 16
8313 8178
8314 9211
8315 1148
8316 8813
8317 1240
8318 6574
8319 9384
8320 7931
8321 5159
8322 5397
8323 2590
8324 4711
8325 2333
8326 7038
8327 4505
8328 6726
8329 656
8330 5026
8331 8812
8332 4090
8333 8454
8334 4250
8335 6267
8336 5819
8337 2238
8338 1726
8339 2240
8340 7933
8341 5180
8342 8858
8343 4331
8344 9544
8345 986
8346 2486
8347 9111
8348 7221
8349 482
8350 2536
8351 8310
8352 6577
8353 3545
8354 238
8355 839
8356 9089
8357 7843
8358 7967
8359 817
8360 6700
8361 5907
8362 3800
8363 8487
8364 6464
8365 2557
8366 5125
8367 1599
8368 3927
8369 2838
8370 5239
8371 6587
8372 9568
8373 4439
8374 1414
8375 2734
8376 6301
8377 1107
8378 3017
8379 3737
8380 9815
8381 7992
8382 7224
8383 6220
8384 8162
8385 6733
8386 2244
8387 518
8388 8222
8389 3398
8390 7245
8391 7970
8392 4186
8393 870
8394 5378
8395 2065
8396 1433
8397 362
8398 7786
8399 6959
8400 5779
8401 886
8402 5078
8403 4401
8404 5139
8405 5823
8406 8724
8407 2242
8408 2222
8409 7476
8410 4447
8411 7891
8412 4824
8413 4226
8414 973
8415 8732
8416 8679
8417 7485
8418 328
8419 9726
8420 348
8421 4621
8422 3345
8423 523
8424 5504
8425 7261
8426 2484
8427 8692
8428 9068
8429 9420
8430 1296
8431 5959
8432 3291
8433 5973
8434 7897
8435 8983
8436 2868
8437 2840
8438 1074
8439 2342
8440 8030
8441 4
8442 8364
8443 698
8444 8982
8445 9392
8446 3146
8447 9961
8448 9888
8449 6644
8450 3321
8451 3899
8452 44
8453 8091
8454 6615
8455 1150
8456 7489
8457 4578
8458 8866
8459 7858
8460 3409
8461 52
8462 3169
8463 2762
8464 6143
8465 8467
8466 4581
8467 8837
8468 6236
8469 2098
8470 5815
8471 5791
8472 6362
8473 8029
8474 1730
8475 347
8476 6251
8477 2672
8478 1614
8479 6118
8480 4151
8481 2519
8482 8802
8483 2374
8484 6029
8485 7373
8486 5925
8487 5156
8488 9366
8489 6723
8490 1427
8491 8273
8492 3997
8493 3217
8494 8877
8495 7985
8496 6808
8497 5535
8498 4469
8499 479
8500 4706
8501 4315
8502 3631
8503 7814
8504 836
8505 7458
8506 7437
8507 2048
8508 6336
8509 6266
8510 4830
8511 4841
8512 3028
8513 2681
8514 3702
8515 934
8516 1224
8517 840
8518 6636
8519 8806
8520 2528
8521 9431
8522 9492
8523 9539
8524 620
8525 7564
8526 1875
8527 3238
8528 9220
8529 3664
8530 3481
8531 725
8532 8173
8533 1072
8534 1441
8535 9839
8536 8825
8537 951
8538 1502
8539 8590
8540 9935
8541 3970
8542 8801
8543 3016
8544 1963
8545 6507
8546 5163
8547 1325
8548 9493
8549 7895
8550 6725
8551 5962
8552 8925
8553 5637
8554 7971
8555 5289
8556 4808
8557 4122
8558 7190
8559 3241
8560 5603
8561 4245
8562 2808
8563 2722
8564 2815
8565 4123
8566 6649
8567 1992
8568 1228
8569 3863
8570 2176
8571 277
8572 9357
8573 8104
8574 8890
8575 8525
8576 612
8577 6390
8578 7580
8579 4082
8580 2425
8581 517
8582 3722
8583 1243
8584 6880
8585 7464
8586 1854
8587 2526
8588 3103
8589 6039
8590 4972
8591 4649
8592 3711
8593 8271
8594 2929
8595 5655
8596 1147
8597 6035
8598 210
8599 7748
8600 9837
8601 3269
8602 97
8603 5554
8604 5772
8605 6443
8606 6609
8607 805
8608 6766
8609 9481
8610 4684
8611 8390
8612 6470
8613 3156
8614 848
8615 5083
8616 504
8617 1597
8618 5759
8619 5277
8620 2362
8621 4201
8622 8862
8623 5089
8624 8865
8625 7390
8626 6499
8627 1067
8628 5108
8629 3196
8630 7334
8631 4498
8632 6177
8633 9816
8634 4222
8635 9160
8636 423
8637 8144
8638 5382
8639 422
8640 837
8641 997
8642 5651
8643 3596
8644 1356
8645 6590
8646 8184
8647 589
8648 7379
8649 7763
8650 5138
8651 9601
8652 293
8653 4848
8654 5418
8655 5597
8656 4403
8657 4916
8658 6710
8659 8400
8660 9958
8661 5513
8662 5595
8663 3588
8664 2170
8665 215
8666 2191
8667 6635
8668 8951
8669 1782
8670 4669
8671 2415
8672 6062
8673 5324
8674 4475
8675 1288
8676 8518
8677 5166
8678 3766
8679 2276
8680 9268
8681 5912
8682 3658
8683 7331
8684 7972
8685 7731
8686 4225
8687 1370
8688 4350
8689 8583
8690 4652
8691 5414
8692 1378
8693 6998
8694 459
8695 5208
8696 5319
8697 2132
8698 1542
8699 1138
8700 4487
8701 1508
8702 1694
8703 5634
8704 3084
8705 2819
8706 3449
8707 4878
8708 382
8709 4171
8710 7098
8711 9232
8712 1164
8713 4513
8714 9191
8715 4005
8716 1947
8717 8299
8718 5580
8719 4341
8720 5941
8721 750
8722 2383
8723 346
8724 6991
8725 9274
8726 976
8727 9128
8728 4879
8729 9262
8730 5880
8731 6380
8732 3684
8733 2653
8734 7662
8735 7707
8736 4298
8737 7979
8738 4282
8739 5113
8740 4303
8741 9331
8742 980
8743 181
8744 1461
8745 5450
8746 4306
8747 6803
8748 7857
8749 6406
8750 3350
8751 7054
8752 6372
8753 7147
8754 5115
8755 3725
8756 9205
8757 1313
8758 8640
8759 3832
8760 1873
8761 4375
8762 9995
8763 1135
8764 8267
8765 677
8766 5443
8767 8545
8768 6793
8769 1418
8770 9697
8771 3898
8772 4010
8773 460
8774 56
8775 6611
8776 9753
8777 2213
8778 8902
8779 1558
8780 4907
8781 4140
8782 1194
8783 8459
8784 5832
8785 8840
8786 13
8787 6482
8788 7434
8789 3962
8790 8580
8791 2967
8792 9376
8793 438
8794 3323
8795 9914
8796 9335
8797 9833
8798 1964
8799 766
8800 11
8801 5728
8802 12
8803 6417
8804 6713
8805 9478
8806 3081
8807 5931
8808 7100
8809 8506
8810 3986
8811 6961
8812 2469
8813 7079
8814 8914
8815 7640
8816 3198
8817 1573
8818 5224
8819 9446
8820 669
8821 9015
8822 1055
8823 2861
8824 2831
8825 6684
8826 4512
8827 3548
8828 7107
8829 139
8830 7298
8831 9920
8832 237
8833 8124
8834 1549
8835 9217
8836 4133
8837 4676
8838 1737
8839 6340
8840 5713
8841 4047
8842 9412
8843 9007
8844 9972
8845 1596
8846 561
8847 2309
8848 1565
8849 5587
8850 6680
8851 7743
8852 4546
8853 2525
8854 115
8855 1025
8856 4644
8857 7109
8858 3608
8859 33
8860 4890
8861 9522
8862 8846
8863 6945
8864 1154
8865 4075
8866 6730
8867 4320
8868 5531
8869 9706
8870 3526
8871 8465
8872 9835
8873 8874
8874 3655
8875 6584
8876 9589
8877 2171
8878 2884
8879 1272
8880 6113
8881 2348
8882 2089
8883 1515
8884 3393
8885 9563
8886 5299
8887 7713
8888 7990
8889 483
8890 4470
8891 6950
8892 1070
8893 1704
8894 1495
8895 6167
8896 5147
8897 2432
8898 7759
8899 5867
8900 4756
8901 6161
8902 6613
8903 1853
8904 2148
8905 8287
8906 7902
8907 5666
8908 8816
8909 3452
8910 1464
8911 2603
8912 4247
8913 2409
8914 3838
8915 2657
8916 7449
8917 7293
8918 3571
8919 1643
8920 8712
8921 9077
8922 6248
8923 5048
8924 5179
8925 6506
8926 7342
8927 8183
8928 7348
8929 7409
8930 1442
8931 7159
8932 4314
8933 6937
8934 6428
8935 9955
8936 5566
8937 218
8938 9432
8939 5081
8940 1662
8941 9642
8942 8960
8943 4509
8944 9079
8945 1954
8946 2757
8947 8721
8948 7785
8949 8863
8950 8754
8951 7833
8952 8797
8953 6123
8954 7168
8955 5723
8956 9919
8957 1603
8958 6543
8959 5492
8960 894
8961 9744
8962 8343
8963 1380
8964 2096
8965 4277
8966 8285
8967 7217
8968 5838
8969 3888
8970 6962
8971 7223
8972 7892
8973 8464
8974 9984
8975 9119
8976 107
8977 1820
8978 6021
8979 3319
8980 3779
8981 8643
8982 355
8983 8529
8984 8674
8985 3550
8986 8395
8987 8130
8988 9776
8989 726
8990 40
8991 4063
8992 3594
8993 3864
8994 4236
8995 1910
8996 1299
8997 7516
8998 2530
8999 4710
9000 3613
9001 5444
9002 2837
9003 3926
9004 1872
9005 1504
9006 9946
9007 342
9008 6144
9009 8128
9010 5613
9011 8152
9012 5446
9013 3265
9014 1795
9015 2311
9016 9417
9017 9791
9018 2705
9019 8473
9020 5847
9021 157
9022 7442
9023 5101
9024 3853
9025 2949
9026 3610
9027 4057
9028 4215
9029 8121
9030 7735
9031 2579
9032 9304
9033 1306
9034 9675
9035 8306
9036 5758
9037 6358
9038 6637
9039 7165
9040 3598
9041 8039
9042 1958
9043 1708
9044 5021
9045 1935
9046 8563
9047 358
9048 2184
9049 2033
9050 2510
9051 1514
9052 4832
9053 4040
9054 8887
9055 3470
9056 8011
9057 7644
9058 80
9059 8895
9060 7823
9061 5850
9062 6057
9063 8105
9064 350
9065 3109
9066 8868
9067 4182
9068 3563
9069 3447
9070 6389
9071 2964
9072 3126
9073 5452
9074 4812
9075 7804
9076 8243
9077 5763
9078 94
9079 2016
9080 4390
9081 3273
9082 1973
9083 2290
9084 5588
9085 6205
9086 7652
9087 5203
9088 2479
9089 6120
9090 270
9091 8114
9092 6294
9093 7770
9094 9349
9095 7704
9096 1972
9097 3802
9098 1315
9099 2003
9100 3018
9101 4359
9102 6741
9103 8657
9104 5487
9105 9515
9106 8388
9107 9361
9108 9228
9109 1019
9110 5204
9111 2283
9112 7566
9113 8101
9114 4460
9115 4551
9116 3963
9117 3878
9118 2498
9119 4088
9120 5347
9121 3579
9122 1793
9123 7361
9124 3205
9125 8360
9126 6563
9127 5267
9128 6103
9129 7058
9130 5866
9131 4411
9132 4464
9133 8137
9134 8981
9135 43
9136 6441
9137 3268
9138 6653
9139 6068
9140 7862
9141 8366
9142 6014
9143 1412
9144 933
9145 8042
9146 503
9147 8276
9148 3324
9149 4708
9150 3765
9151 8037
9152 1350
9153 7200
9154 6510
9155 9444
9156 2635
9157 9406
9158 5412
9159 7161
9160 2886
9161 3057
9162 3185
9163 2162
9164 5067
9165 829
9166 7697
9167 9488
9168 9189
9169 4429
9170 8085
9171 694
9172 7152
9173 6271
9174 6122
9175 7013
9176 7510
9177 345
9178 6399
9179 5093
9180 7819
9181 8361
9182 2038
9183 1421
9184 3310
9185 7834
9186 3074
9187 7205
9188 1618
9189 9530
9190 7388
9191 7075
9192 7757
9193 9524
9194 3244
9195 4800
9196 5124
9197 3966
9198 6222
9199 113
9200 311
9201 1006
9202 9150
9203 8899
9204 6618
9205 3086
9206 865
9207 4973
9208 1034
9209 9504
9210 1918
9211 2336
9212 2918
9213 326
9214 9351
9215 4524
9216 1058
9217 1802
9218 8783
9219 7216
9220 7717
9221 495
9222 7876
9223 9632
9224 6977
9225 966
9226 2887
9227 7622
9228 3096
9229 1362
9230 1920
9231 3555
9232 4064
9233 6289
9234 4811
9235 6790
9236 9270
9237 3105
9238 4694
9239 227
9240 6948
9241 8053
9242 6128
9243 2143
9244 7601
9245 5088
9246 4166
9247 7439
9248 188
9249 8683
9250 3731
9251 3399
9252 5131
9253 9073
9254 2402
9255 9801
9256 3125
9257 9485
9258 1898
9259 5654
9260 194
9261 3211
9262 1968
9263 9674
9264 7576
9265 8312
9266 8229
9267 6535
9268 5441
9269 2541
9270 5249
9271 7948
9272 6974
9273 8564
9274 258
9275 9688
9276 4299
9277 5774
9278 2041
9279 1923
9280 6762
9281 5373
9282 7456
9283 4392
9284 7573
9285 8475
9286 8402
9287 4986
9288 4001
9289 4971
9290 3692
9291 9756
9292 1231
9293 9101
9294 46
9295 3790
9296 6072
9297 6475
9298 4453
9299 9356
9300 6884
9301 7558
9302 2021
9303 7626
9304 3367
9305 5743
9306 6324
9307 6572
9308 8768
9309 2673
9310 5471
9311 7257
9312 7450
9313 9981
9314 8900
9315 4722
9316 5668
9317 7480
9318 2133
9319 9182
9320 9900
9321 3204
9322 2605
9323 470
9324 8798
9325 5488
9326 6689
9327 7943
9328 8520
9329 6394
9330 3538
9331 7742
9332 1347
9333 2666
9334 4929
9335 9236
9336 3436
9337 9804
9338 1008
9339 1866
9340 2140
9341 1811
9342 6194
9343 1338
9344 9507
9345 6337
9346 2341
9347 1250
9348 171
9349 5222
9350 8095
9351 8617
9352 4436
9353 5275
9354 9459
9355 3705
9356 4969
9357 1519
9358 8885
9359 7810
9360 9095
9361 8429
9362 8120
9363 2365
9364 9142
9365 7708
9366 5913
9367 4810
9368 4970
9369 9673
9370 1311
9371 5851
9372 6440
9373 234
9374 7028
9375 8145
9376 6888
9377 1233
9378 963
9379 2434
9380 3257
9381 5419
9382 7769
9383 3249
9384 8371
9385 4909
9386 3326
9387 5979
9388 3220
9389 1227
9390 4184
9391 1989
9392 941
9393 3190
9394 2783
9395 3624
9396 3626
9397 3945
9398 2292
9399 1797
9400 449
9401 7422
9402 6171
9403 480
9404 3956
9405 2258
9406 2186
9407 4208
9408 8277
9409 1298
9410 6759
9411 3758
9412 530
9413 6421
9414 4562
9415 3549
9416 617
9417 4837
9418 3955
9419 4144
9420 4396
9421 9939
9422 1661
9423 3770
9424 5436
9425 9389
9426 4912
9427 3309
9428 7420
9429 3395
9430 4457
9431 2970
9432 9046
9433 9254
9434 1990
9435 5764
9436 9263
9437 7276
9438 9310
9439 6094
9440 2813
9441 9162
9442 7721
9443 1951
9444 4419
9445 414
9446 1431
9447 4454
9448 8596
9449 9242
9450 3029
9451 8793
9452 9994
9453 8077
9454 7299
9455 516
9456 5781
9457 2493
9458 4952
9459 4557
9460 7215
9461 8807
9462 6719
9463 4833
9464 6794
9465 3819
9466 4726
9467 1291
9468 4507
9469 8786
9470 4333
9471 3292
9472 5520
9473 7761
9474 1337
9475 5241
9476 2236
9477 9705
9478 9364
9479 5028
9480 7917
9481 471
9482 4674
9483 8241
9484 360
9485 5642
9486 2977
9487 921
9488 1931
9489 1439
9490 9976
9491 6737
9492 2376
9493 4655
9494 8912
9495 4017
9496 2403
9497 2895
9498 5029
9499 614
9500 5599
9501 135
9502 9944
9503 9789
9504 4850
9505 9735
9506 3231
9507 2251
9508 6696
9509 2101
9510 8347
9511 6050
9512 3112
9513 9921
9514 6588
9515 6744
9516 4092
9517 8534
9518 4471
9519 1140
9520 843
9521 3836
9522 9430
9523 3097
9524 8804
9525 7526
9526 961
9527 872
9528 8918
9529 7281
9530 2935
9531 9297
9532 4607
9533 8730
9534 9449
9535 7788
9536 546
9537 4880
9538 3346
9539 619
9540 2499
9541 776
9542 4175
9543 9831
9544 3098
9545 3861
9546 3650
9547 2447
9548 8062
9549 2177
9550 9927
9551 3821
9552 8415
9553 3918
9554 9765
9555 1847
9556 714
9557 6809
9558 984
9559 7279
9560 8773
9561 2389
9562 3289
9563 9439
9564 9145
9565 9109
9566 1466
9567 4368
9568 498
9569 8809
9570 6176
9571 9207
9572 5119
9573 3862
9574 8682
9575 60
9576 9653
9577 9575
9578 10000
9579 4900
9580 3882
9581 8573
9582 2806
9583 6746
9584 7368
9585 9156
9586 859
9587 721
9588 9001
9589 7585
9590 7087
9591 3672
9592 3914
9593 5988
9594 1883
9595 134
9596 7463
9597 4718
9598 736
9599 4046
9600 2449
9601 9316
9602 1957
9603 9278
9604 5821
9605 748
9606 8655
9607 4517
9608 5182
9609 9717
9610 2204
9611 1133
9612 6810
9613 6013
9614 3422
9615 209
9616 9541
9617 6462
9618 2077
9619 9988
9620 8207
9621 737
9622 5354
9623 2867
9624 1740
9625 2581
9626 5197
9627 9180
9628 2078
9629 8570
9630 2580
9631 4869
9632 8835
9633 5924
9634 2560
9635 4563
9636 6606
9637 3535
9638 915
9639 6597
9640 453
9641 6261
9642 5433
9643 9257
9644 5420
9645 5929
9646 6813
9647 7825
9648 2614
9649 1679
9650 595
9651 975
9652 2746
9653 744
9654 5783
9655 1703
9656 3880
9657 9086
9658 7520
9659 3305
9660 5451
9661 9529
9662 2553
9663 6617
9664 7141
9665 7204
9666 2363
9667 875
9668 3513
9669 8861
9670 3521
9671 5933
9672 5533
9673 5323
9674 9542
9675 1928
9676 5201
9677 6112
9678 7369
9679 5691
9680 5663
9681 7364
9682 6498
9683 374
9684 7959
9685 1607
9686 2221
9687 8076
9688 147
9689 863
9690 710
9691 7588
9692 5956
9693 7570
9694 1128
9695 935
9696 3782
9697 8819
9698 2122
9699 8240
9700 3623
9701 5930
9702 4324
9703 3730
9704 8111
9705 4577
9706 5337
9707 7329
9708 1210
9709 3941
9710 6342
9711 7656
9712 1673
9713 1862
9714 7567
9715 8118
9716 2972
9717 2205
9718 8684
9719 5547
9720 5036
9721 4235
9722 734
9723 2685
9724 8151
9725 5878
9726 9969
9727 7957
9728 4243
9729 8600
9730 8086
9731 6368
9732 4113
9733 9204
9734 2135
9735 9722
9736 3071
9737 2787
9738 2331
9739 3354
9740 6104
9741 4774
9742 6823
9743 6121
9744 4434
9745 2993
9746 5947
9747 4165
9748 7
9749 3019
9750 7928
9751 1691
9752 138
9753 6396
9754 3159
9755 9443
9756 5183
9757 1682
9758 5557
9759 2243
9760 4601
9761 7391
9762 3124
9763 2641
9764 5813
9765 9979
9766 3562
9767 2505
9768 9748
9769 7847
9770 4989
9771 197
9772 9866
9773 5274
9774 9456
9775 283
9776 7347
9777 4527
9778 8232
9779 5085
9780 9934
9781 5756
9782 7952
9783 1203
9784 637
9785 6364
9786 6238
9787 7621
9788 5970
9789 2664
9790 4477
9791 1434
9792 7146
9793 98
9794 8718
9795 8745
9796 1722
9797 4237
9798 332
9799 4451
9800 9440
9801 3499
9802 4404
9803 2188
9804 7978
9805 7726
9806 1825
9807 4781
9808 6975
9809 2865
9810 2105
9811 687
9812 3413
9813 468
9814 2305
9815 8855
9816 9464
9817 1955
9818 2026
9819 9450
9820 3656
9821 5872
9822 6393
9823 7080
9824 3365
9825 3581
9826 3003
9827 9767
9828 6552
9829 681
9830 8601
9831 3139
9832 4211
9833 3739
9834 5682
9835 6344
9836 1381
9837 5806
9838 3227
9839 2871
9840 4612
9841 1507
9842 640
9843 3148
9844 608
9845 3799
9846 7980
9847 6657
9848 7809
9849 9882
9850 9323
9851 9764
9852 2313
9853 898
9854 783
9855 3485
9856 7029
9857 7264
9858 8736
9859 4377
9860 4700
9861 2059
9862 8221
9863 6276
9864 4281
9865 8933
9866 6415
9867 9658
9868 4707
9869 5790
9870 7432
9871 3574
9872 8693
9873 9148
9874 4740
9875 2241
9876 5220
9877 3302
9878 6461
9879 9583
9880 5550
9881 6255
9882 1978
9883 6666
9884 1382
9885 8826
9886 880
9887 3303
9888 2956
9889 2268
9890 9365
9891 4080
9892 7074
9893 8833
9894 8139
9895 2662
9896 3281
9897 4310
9898 8884
9899 1732
9900 7292
9901 8345
9902 1991
9903 2067
9904 2459
9905 5667
9906 1061
9907 3160
9908 6065
9909 8612
9910 8238
9911 3735
9912 798
9913 9208
9914 8778
9915 8439
9916 77
9917 1505
9918 4925
9919 5390
9920 8017
9921 3173
9922 6655
9923 2571
9924 6427
9925 3376
9926 6433
9927 9858
9928 962
9929 2189
9930 8908
9931 955
9932 4428
9933 4790
9934 2295
9935 7231
9936 4357
9937 9928
9938 4302
9939 5627
9940 7711
9941 7678
9942 7151
9943 4347
9944 3984
9945 5541
9946 3272
9947 7904
9948 63
9949 9692
9950 2607
9951 1835
9952 9367
9953 3407
9954 3635
9955 4163
9956 1665
9957 9428
9958 5473
9959 9078
9960 9246
9961 1206
9962 2239
9963 4002
9964 9711
9965 7225
9966 9328
9967 5945
9968 6892
9969 1521
9970 4077
9971 149
9972 7170
9973 9306
9974 7659
9975 302
9976 5937
9977 2401
9978 8566
9979 888
9980 131
9981 8561
9982 9803
9983 1275
9984 9555
9985 7062
9986 1651
9987 1005
9988 1141
9989 8061
9990 5596
9991 4923
9992 4389
9993 5213
9994 6391
9995 6489
9996 5498
9997 3194
9998 4591
9999 6665
10000 6216
